1.12 1.308231525941
1.125 1.301179444744
1.13 1.293986543456
1.135 1.286882795905
1.14 1.279764856665
1.145 1.272642658028
1.15 1.265528820750
1.155 1.258440349550
1.16 1.251401119771
1.65 -0.000003208345
1.17 0.000000517457
1.175 0.000001048373
1.18 0.000001170222
1.185 -0.000001019677
1.19 0.000001138926
1.195 -0.000001180812
1.20 -0.000001139628
1.205 0.000001182828
1.21 -0.000001204884
1.215 0.000001205438
1.22 0.000002320898
1.225 -0.000002273895
1.23 -0.000002194592
1.235 -0.000002118423
1.24 -0.000002240948
1.245 -0.000002047192
1.25 -0.000001895504
1.255 0.000000774329
1.26 0.000000745676
1.265 -0.000000745600
1.27 0.000000589785
1.275 0.000000441255
1.28 -0.000000372058
1.285 -0.000001108938
1.29 -0.000001135592
1.295 0.000001167665
1.30 -0.000001181058
1.31 -0.000001204781
1.32 -0.000001083020
1.33 -0.000000996916
1.34 0.000000922576
1.35 -0.000000977478
1.36 -0.000001623511
1.37 0.000002215716
1.38 0.000002329413
1.39 0.000004464754
1.40 -0.000004369870
1.41 -0.000004267196
1.42 0.000004155434
1.43 -0.000000240620
1.44 0.000000059459
1.45 0.000000295187
1.46 -0.000001479647
1.47 -0.000000814767
1.48 -0.000000938202
1.49 0.000001045992
1.50 -0.000001141051
1.51 -0.000001219591
1.52 0.000001268494
1.53 -0.000002495250
1.54 0.000002447019
1.55 0.000002523506
1.56 -0.000002594264
1.57 0.000002664519
1.58 0.000002737236
1.59 0.000002746032
1.60 -0.000002825730
1.61 0.000002906435
1.62 0.000002985852
1.63 -0.000003065816
1.64 0.000003140325
1.65 -0.000003208344
1.66 0.000003288895
1.67 0.000003351754
1.68 0.000003405728
1.69 0.000003588820
1.70 -0.000003636320
1.71 0.000001008011
1.72 0.000000970114
1.73 -0.000001009896
1.74 -0.000001051305
1.75 -0.000001090786
1.76 0.000001260123
1.77 -0.000001302803
1.80 0.000001427944
1.81 0.000001451584
1.82 0.000001455242
1.83 0.000001473067
1.84 0.000001614069
1.85 -0.000001826946
1.86 0.000001851334
1.87 0.000001866558
1.88 0.000001856374
1.89 0.000001854451
1.90 0.000001844309
1.91 -0.000001830198
1.92 -0.000001805899
1.93 0.000001772628
1.94 0.000001731183
1.95 0.000001678615
1.957 -0.000001635380
1.96 -0.000001615146
1.97 0.000001539810
1.98 0.000001454078
1.99 0.000001356020
2.00 -0.000001246051
2.01 0.000001124483
2.02 0.000001238887
2.03 -0.000001105325
2.04 -0.000000959970
2.05 0.000000802632
2.06 0.000000632780
2.07 -0.000000450147
2.08 -0.000000253099
2.09 -0.000000041412
2.10 -0.000000144777
2.11 -0.000000573020
2.112 -0.000000728465
2.12 -0.000000952331
2.13 -0.000002053978
2.14 0.000002239299
2.15 0.000002433522
2.16 0.000002635964
2.17 -0.000002846052
2.18 0.000003063139
2.19 0.000003287933
2.20 -0.000003519410
2.21 -0.000003756935
2.22 0.000004000336
2.23 -0.000004248191
2.24 0.000004498389
2.25 -0.000004748592
2.26 0.000004996629
2.27 -0.000005241131
2.28 0.000005477770
2.29 -0.000005703872
2.30 0.000005918506
2.32 -0.000006295126
2.34 0.000006585638
2.36 -0.000006776079
2.38 0.000006855543
2.4 -0.000006824995
2.42 -0.000006682368
2.44 -0.000006483888
2.46 0.000006236948
2.48 0.000005965549
2.5 -0.000005692414
2.52 -0.000005433392
2.54 -0.000005189038
2.56 -0.000004967496
2.58 -0.000004780376
2.6 0.000004073905
2.62 0.000004062237
2.64 0.000004068457
2.66 0.000004087697
2.68 -0.000004128818
2.7 -0.000004189513
2.72 0.000004265209
2.74 0.000004360811
2.76 -0.000004470719
2.78 0.000004603819
2.8 0.000004732632
2.82 -0.000004858593
2.84 0.000004974728
2.86 -0.000005078448
2.88 0.000005181993
2.90 0.000005280896
2.92 0.000005375367
2.94 -0.000005460485
2.96 0.000005536033
2.98 0.000005602622
3.00 -0.000005655920
3.02 0.000005689194
3.04 0.000005709048
3.06 0.000005718478
3.08 0.000005686513
3.10 0.000005618412
3.12 0.000005514754
3.14 0.000005371259
3.16 0.000005190909
3.18 0.000005061918
3.20 -0.000004787593
3.22 0.000004469025
3.24 0.000004105635
3.26 -0.000003708195
3.28 0.000003287599
3.30 0.000002856269
3.35 0.000001810831
3.4 0.000000997894
3.45 0.000002213889
3.5 0.000002051855
