0.000000752692
0.000000767099
0.000001554740
-0.000001556980
-0.000001560178
-0.000001562299
0.000001569700
0.000001577764
0.000001591930
-0.000001005017
0.000000831374
0.000001269704
0.000001488142
0.000002816711
-0.000002584031
0.000002559586
0.000002330179
-0.000002431745
0.000002637387
0.105020072905
0.155486595486
0.212450149284
0.276713469181
0.349317604450
0.431217865673
0.523011161622
0.624610494519
0.734688622045
0.849479674889
0.962907368783
1.066736812251
-1.152219680037
1.212886997680
-1.246718704496
-1.256177015470
1.246634813323
-1.224120713949
-1.159831803710
1.089846918373
-1.024857866536
-0.967795116474
-0.918528470168
0.875472941629
0.837684266587
-0.805500721098
0.777366389357
-0.752315388136
0.729851488314
-0.709522751426
0.000000062726
0.000000050300
0.000000481013
0.000000096820
0.000000090334
-0.000000077726
0.000000168857
0.000000280861
-0.000000400805
0.000000851888
0.000000769499
-0.000000745073
0.000000757470
0.000000783408
0.000000746644
-0.000000799495
0.000000848987
0.000000892608
-0.000000938894
0.000000976653
-0.000001004900
0.000001025480
0.000001041174
0.000001051631
0.000003628980
-0.000003575882
0.000002814438
0.000002677656
-0.000002543216
-0.000002392336
-0.000002229143
0.000002242692
-0.000002088510
0.000001650782
0.000001503168
0.000001361075
0.000001227113
0.000001092988
-0.000002059355
0.000001865137
0.000001685497
0.000001254711
0.000001084837
0.000000940896
-0.000000811093
-0.000000726507
0.000000670390
0.000000646068
0.000000639802
-0.000000646845
-0.000000652513
0.000000684252
0.000000732001
0.000000798178
-0.000000875289
0.000000966136
0.000001101064
-0.000001208692
-0.000001328888
0.000001461782
0.000001601093
-0.000001757957
-0.000001937350
-0.000002133238
0.000001662704
0.000001588753
0.000001847266
0.000001895580
0.000003490776
-0.000003572806
-0.000003653739
-0.000003734785
0.000003826626
-0.000003909093
-0.000003990429
0.000004071379
0.000004145991
-0.000004224403
0.000004299440
-0.000004372208
0.000004441506
-0.000004506748
0.000004564596
-0.000004623215
0.000004671751
-0.000004704383
0.000004739968
-0.000004730427
0.000004667485
-0.000004564625
0.000004423607
-0.000004258223
-0.000004079533
0.000003899814
0.000003717604
-0.000003548769
-0.000003385373
-0.000003226324
-0.000003075402
-0.000002938286
0.000003512427
-0.000003357716
-0.000003207862
-0.000003077196
0.000002924213
0.000002800509
-0.000002688860
-0.000002608251
0.000002529373
-0.000002436914
-0.000002396573
0.000002402292
-0.000002477514
0.000002602744
-0.000002819719
-0.000003117400
-0.000003524902
0.000003968995
-0.000004452652
-0.000004946626
0.000005423356
-0.000005877503
-0.000006274378
-0.000006604817
-0.000006875018
-0.000007077205
-0.000007232410
-0.000007327714
-0.000007356935
-0.000008226867
0.000008081353
-0.000007934415
-0.000007789832
0.000007663663
-0.000007561099
-0.000007488602
-0.000007441216
-0.000007540772
-0.000010947292
-0.000010152050
