1.12 -1.713464825247
1.125 -1.755150179172
1.13 -1.789850997388
1.135 -1.818569877536
1.14 -1.842203171175
1.145 -1.861526114944
1.15 -1.877195884945
1.155 -1.890007169762
1.16 -1.899920392365
1.165 -1.907573621218
1.17 -1.913285904625
1.175 -1.917324206059
1.18 -1.919912739788
1.185 -1.921241017666
1.19 -1.921469589413
1.195 -1.920735245730
1.20 -1.919154838831
1.205 -1.916828235421
1.21 -1.913840492802
1.215 -1.910263211095
1.22 -1.906155046450
1.225 -1.901561145316
1.23 -1.896511299574
1.235 -1.891017744842
1.24 -1.885082449179
1.245 -1.878787648415
1.25 -1.872664012984
1.255 -1.867178989842
1.26 -1.861874891645
1.265 -1.856472395251
1.27 -1.850916361779
1.275 -1.845209337312
1.28 -1.839366484497
1.285 -1.833404438591
1.29 -1.827338871621
1.295 -1.821183809276
1.30 -1.814951106823
1.31 -1.802292502728
1.32 -1.789426279781
1.33 -1.776394716079
1.34 -1.763220904018
1.35 -1.749911005980
1.36 -1.736456055725
1.37 -1.722832148555
1.38 -1.708999967744
1.39 -1.694903706118
1.40 -1.680771228114
1.41 -1.665897568679
1.42 -1.650458035449
1.43 -1.634281019099
1.44 -1.617135513051
1.45 -1.598703926203
1.46 -1.578539025149
1.47 -1.555997346904
1.48 -1.530135857968
1.49 -1.499561733771
1.50 -1.462242034879
1.51 -1.415351359354
1.52 -1.355422481370
1.53 -1.279337661046
1.54 -1.186545062295
1.55 -1.081355619826
1.56 -0.972501357711
1.57 -0.869325797621
1.58 -0.778108531581
1.59 -0.701255627807
1.60 -0.638516153490
1.61 -0.588438723632
1.62 -0.549311700749
1.63 -0.519609015837
1.64 -0.498154551370
1.65 -0.484163217055
1.66 -0.477246247163
1.67 -0.477415872821
1.68 -0.485105617639
1.69 -0.501186831917
1.70 -0.526906336030
1.71 -0.563522598219
1.72 -0.611163886797
1.73 -0.666451724502
1.74 -0.720315952719
1.75 -0.760841766256
1.76 -0.781388819443
1.77 -0.783654708726
1.80 -0.731949056448
1.81 -0.706566422625
1.82 -0.679869906313
1.83 -0.652586802494
1.84 -0.625231860263
1.85 -0.598286968547
1.86 -0.572266882197
1.87 -0.547396265323
1.88 -0.523269743792
1.89 -0.499352150755
1.90 -0.475376586595
1.91 -0.451269314955
1.92 -0.427036355324
1.93 -0.402710700853
1.94 -0.378331352838
1.95 -0.353934810350
1.957 -0.336863563197
1.96 -0.329551710543
1.97 -0.305205512521
1.98 -0.280849224265
1.99 -0.256632289529
2.00 -0.232490381078
2.01 -0.208428204179
2.02 -0.184447730217
2.03 -0.160550485183
2.04 -0.136733296099
2.05 -0.112995685556
2.06 -0.089308488207
2.07 -0.065729984951
2.08 -0.042226533701
2.09 -0.018796820457
2.10 0.004560096801
2.11 0.027843804340
2.112 0.032491532860
2.12 0.051054060617
2.13 0.074190506304
2.14 0.097251414855
2.15 0.120233819792
2.16 0.143136894529
2.17 0.165956440444
2.18 0.188688993056
2.19 0.211328328553
2.20 0.233871955317
2.21 0.256312039312
2.22 0.278642557448
2.23 0.300856586260
2.24 0.322946169734
2.25 0.344901721798
2.26 0.366713565606
2.27 0.388370633660
2.28 0.409860522507
2.29 0.431169668227
2.30 0.452279270599
2.32 0.493846912699
2.34 0.534397053674
2.36 0.573720684022
2.38 0.611544107417
2.4 0.647500731972
2.42 0.680775284654
2.44 0.711197696317
2.46 0.737547157117
2.48 0.758444118440
2.5 0.676429780732
2.52 0.672010566370
2.54 0.651450399139
2.56 0.613667701347
2.58 0.562325188461
2.6 0.505600027278
2.62 0.452494157744
2.64 0.409073527124
2.66 0.377684356806
2.68 0.358157463339
2.7 0.349110623090
2.72 0.348773236440
2.74 0.355371052666
2.76 0.367233221954
2.78 0.382763639069
2.8 0.400375024521
2.82 0.418443088999
2.84 0.435301006358
2.86 0.449285103765
2.88 0.458823282668
2.90 0.462565833659
2.92 0.460539525219
2.94 0.450080508860
2.96 0.432014283237
2.98 0.407991375191
3.00 0.378681499733
3.02 0.345712273364
3.04 0.310486349832
3.06 0.274724730134
3.08 0.239724737930
3.10 0.206470806489
3.12 0.175629824433
3.14 0.147693682281
3.16 -0.122606477668
3.18 -0.100458725985
3.20 -0.081119713110
3.22 -0.064178360834
3.24 -0.049821571754
3.26 -0.037560080260
3.28 -0.027133180289
3.30 -0.018294397445
3.35 -0.001788649128
3.4 0.009197914999
3.45 0.016359929307
3.5 0.021142652925
