1.12 1.705106498874
1.125 1.693511783219
1.13 1.681969425018
1.135 1.670486030184
1.14 1.659067250321
1.145 1.647717698463
1.15 1.636440818831
1.155 1.625238927310
1.16 1.614113302431
1.165 1.603064568541
1.17 1.592046447972
1.175 1.581155608313
1.18 1.570354327841
1.185 1.559668697915
1.19 1.549167690402
1.195 1.539034921682
1.20 1.529805827611
1.205 1.523458840307
1.21 1.522217627502
1.215 1.516038240917
1.22 1.507465158972
1.225 1.464590596294
1.23 1.455351435359
1.235 1.446336264511
1.24 1.438233634891
1.245 1.356339465805
1.25 1.339856829244
1.255 1.327787536485
1.26 1.317385605472
1.265 1.307869739508
1.27 1.298915358766
1.275 1.290349716444
1.28 1.282064351239
1.285 1.273984128789
1.29 1.266054431790
1.295 1.258234796680
1.30 1.250494887202
1.31 1.235166968058
1.32 1.219940990191
1.33 1.204732599207
1.34 1.189482262846
1.35 1.174144493624
1.36 1.158682247333
1.37 1.146310367652
1.38 1.126807660623
1.39 1.106892074424
1.40 1.086550455918
1.41 1.065771937846
1.42 1.044547169274
1.43 1.022867553818
1.44 1.000724157164
1.45 0.978106585367
1.46 0.955001021856
1.47 0.931389841026
1.48 0.907247951260
1.49 0.882542024324
1.50 0.857230514006
1.51 0.831201788375
1.52 0.804420966876
1.53 0.776812178378
1.54 -0.000004354237
1.55 -0.000008411005
1.56 0.000007557387
1.57 -0.000006676172
1.58 0.000005798283
1.59 0.000004956937
1.60 0.000001593595
1.61 0.000001027421
1.62 0.000000556522
1.63 -0.000000167019
1.64 0.000000154510
1.65 0.000000418612
1.66 0.000002198147
1.67 0.000002433446
1.68 0.000002631747
1.69 0.000002804130
1.70 -0.000002950434
1.71 -0.000003071805
1.72 -0.000002981701
1.73 0.000003018633
1.74 -0.000003036606
1.75 -0.000003040134
1.76 -0.000003030847
1.77 0.000003007572
1.80 0.000000251320
1.81 0.000000609963
1.82 -0.000001520779
1.83 -0.000002389872
1.84 -0.000003103261
1.85 -0.000003624219
1.86 0.000002484712
1.87 0.000002441144
1.88 0.000002406704
1.89 -0.000002385087
1.90 0.000002409266
1.91 -0.000003500832
1.92 -0.000001602210
1.93 -0.000000679619
1.94 -0.000000804393
1.95 0.000000947311
1.957 -0.000001061810
1.96 0.000001114921
1.97 -0.000001312456
1.98 0.000001552709
1.99 0.000001820630
2.00 -0.000002127481
2.01 0.000002471328
2.02 0.000002850711
2.03 -0.000003261612
2.04 -0.000003696478
2.05 -0.000004147213
2.06 -0.000004606904
2.07 0.000008509719
2.08 0.000008754865
2.09 0.000008932011
2.10 0.000009039810
2.11 0.000009078262
2.112 0.000009078535
2.12 -0.000009053975
2.13 0.000008966840
2.14 0.000008818994
2.15 0.000008623792
2.16 0.000008367535
2.17 0.000008073527
2.18 -0.000007731519
2.19 0.000007351928
2.20 0.000006945201
2.21 -0.000006514651
2.22 0.000006064327
2.23 0.000005603578
2.24 0.000005134858
2.25 -0.000004662809
2.26 -0.000004195318
2.27 -0.000003732160
2.28 -0.000003282461
2.29 0.000002848943
2.30 0.000002428249
2.32 -0.000001643420
2.34 0.000000936249
2.36 -0.000000317725
2.38 0.000000220044
2.4 0.000000698027
2.42 0.000001095383
2.44 0.000001454441
2.46 0.000001773785
2.48 0.000002055168
2.5 -0.000002338243
2.52 0.000002618478
2.54 0.000002882863
2.56 -0.000003160542
2.58 -0.000003403200
2.6 0.000003650739
2.62 -0.000003897237
2.64 0.000004129023
2.66 -0.000004362914
2.68 -0.000004588578
2.7 -0.000004802928
2.72 0.000005004676
2.74 -0.000005190492
2.76 -0.000005362473
2.78 0.000005513194
2.8 -0.000005640545
2.82 0.000005731491
2.84 0.000005805502
2.86 -0.000005857511
2.88 0.000005883343
2.90 -0.000005882353
2.92 0.000005872180
2.94 -0.000005846735
2.96 0.000005809763
2.98 -0.000005775474
3.00 0.000005712095
3.02 -0.000005634419
3.04 -0.000005538623
3.06 -0.000005412897
3.08 0.000005268677
3.10 -0.000005093265
3.12 0.000004885805
3.14 0.000004650491
3.16 0.000004386319
3.18 0.000004081427
3.20 0.000003879876
3.22 0.000003494840
3.24 -0.000003091370
3.26 -0.000002681270
3.28 0.000002281346
3.30 -0.000001901709
3.35 0.000001049508
3.4 -0.000000469363
3.45 -0.000003247156
3.5 0.000002950718
