1.12 0.259577797658
1.125 0.204284264602
1.13 0.144997030094
1.135 0.081360756509
1.14 0.013481072853
1.145 -0.059915655820
1.15 -0.138704655781
1.155 -0.223144732335
1.16 -0.313385644056
1.165 -0.409409167956
1.17 -0.510959185607
1.175 -0.617461682459
1.18 -0.727943489687
1.185 -0.840944202698
1.19 -0.954410127408
1.195 -1.065753478689
1.20 -1.169620785937
1.205 -1.254299365780
1.21 -1.303319601963
1.215 -1.373250098227
1.22 -1.449900087391
1.225 -1.615935261694
1.23 -1.675145945918
1.235 -1.723374896146
1.24 -1.759418198553
1.245 -1.777471885953
1.25 -1.823027553168
1.255 -1.847147558728
1.26 -1.858015863005
1.265 -1.859216773070
1.27 -1.852399823481
1.275 -1.838653045213
1.28 -1.818830829192
1.285 -1.793752148947
1.29 -1.763771540102
1.295 -1.729822410588
1.30 -1.692598877678
1.31 -1.610386613558
1.32 -1.522085301757
1.33 -1.432030095761
1.34 -1.343647327194
1.35 -1.259334274589
1.36 -1.180545414040
1.37 -1.070041541781
1.38 -1.007343464129
1.39 -0.951127799203
1.40 -0.900602578986
1.41 -0.855213209147
1.42 -0.814408045631
1.43 -0.777665026681
1.44 -0.744511033616
1.45 -0.714520502204
1.46 -0.687317144516
1.47 -0.662570474150
1.48 -0.639992036586
1.49 -0.619331841952
1.50 -0.600371861416
1.51 -0.582922051959
1.52 -0.566816928786
1.53 -0.551911984300
1.54 -0.538080531094
1.55 -0.525208588494
1.56 -0.513199425787
1.57 -0.501967298151
1.58 -0.491434614307
1.59 -0.481532030053
1.60 -0.472197388362
1.61 -0.463374808043
1.62 -0.455013852374
1.63 -0.447068922394
1.64 -0.439498699604
1.65 -0.432265456898
1.66 -0.425335364018
1.67 -0.418677835910
1.68 -0.412264513544
1.69 -0.406069918927
1.70 -0.400070900415
1.71 -0.394246982991
1.72 -0.388579202835
1.73 -0.383050644189
1.74 -0.377646263730
1.75 -0.372353114023
1.76 -0.367158094540
1.77 -0.362050690512
1.80 -0.347151471827
1.81 -0.342288839528
1.82 -0.337452490347
1.83 -0.332616659856
1.84 -0.327739988359
1.85 -0.322752216046
1.86 -0.317526519571
1.87 -0.311819847633
1.88 -0.305117552225
1.89 -0.296133052890
1.90 -0.280283341023
1.91 -0.207649628923
1.92 -0.144192609393
1.93 -0.189700983140
1.94 -0.175284831979
1.95 -0.161338643689
1.957 -0.151893493422
1.96 -0.147931883614
1.97 -0.135125606151
1.98 -0.122973583755
1.99 -0.111522477438
2.00 -0.100814405598
2.01 -0.090884016944
2.02 -0.081759800293
2.03 -0.073464563070
2.04 -0.066014600572
2.05 -0.059419610821
2.06 -0.053682434933
2.07 -0.082151528639
2.08 -0.078055494709
2.09 -0.074626811979
2.10 -0.071855986495
2.11 -0.069723461096
2.112 -0.069371167688
2.12 -0.068200282300
2.13 -0.067249102317
2.14 -0.066825721355
2.15 -0.066880190963
2.16 -0.067358012388
2.17 -0.068201440070
2.18 -0.069350747017
2.19 -0.070745498791
2.20 -0.072325805615
2.21 -0.074033454068
2.22 -0.075812923307
2.23 -0.077612261431
2.24 -0.079380898072
2.25 -0.081081272695
2.26 -0.082672678762
2.27 -0.084122077142
2.28 -0.085401358512
2.29 -0.086487108803
2.30 -0.087357036787
2.32 -0.088408341921
2.34 -0.088467825398
2.36 -0.087489325704
2.38 -0.085450728056
2.4 -0.082341477294
2.42 -0.078155672489
2.44 -0.072887540726
2.46 -0.066531092227
2.48 -0.059084456185
2.5 -0.050551527021
2.52 -0.040952631332
2.54 -0.030331570619
2.56 -0.018762339590
2.58 -0.006470356276
2.6 0.006655444108
2.62 0.020320134524
2.64 0.034323918732
2.66 0.048422240072
2.68 0.062322023593
2.7 0.075694188746
2.72 0.088195910216
2.74 0.099498599616
2.76 0.109313022934
2.78 0.117413518696
2.8 0.123651938721
2.82 0.127965509139
2.84 0.130374772651
2.86 0.130975250454
2.88 0.129921277555
2.90 0.127412848660
2.92 0.123676662752
2.94 0.118951054288
2.96 0.113472742417
2.98 -0.107466390520
3.00 -0.101137948135
3.02 -0.094667127071
3.04 -0.088353153735
3.06 -0.082006095404
3.08 -0.075629199136
3.10 -0.069848481035
3.12 -0.064413716650
3.14 -0.059352566797
3.16 -0.054678223491
3.18 -0.050390516523
3.20 -0.046480434611
3.22 -0.042932519319
3.24 -0.039762594418
3.26 -0.036867213985
3.28 -0.034269540303
3.30 -0.031945088351
3.35 -0.027172977576
3.4 -0.023579768170
3.45 -0.020954627724
3.5 -0.019015299718
