0.000000770355
0.000000769532
-0.000000772065
0.000000776931
-0.000000783671
0.000000789588
-0.000000794816
0.000000800047
-0.000000805268
-0.000000812198
0.000001199803
-0.000001188503
0.000001176270
0.000001164795
-0.000001152220
-0.000001142450
-0.000001132455
-0.000001118061
0.000000835779
-0.000000729102
-0.000000740215
-0.000001263699
0.000001231236
0.000001161368
0.000001101613
0.000001209922
0.000001090090
-0.000000934123
-0.000000791895
-0.000000614207
-0.000000414602
-0.000000500041
-0.000000283349
-0.000000093404
0.000000066407
0.000000199023
0.000000304772
0.000000526095
0.000000044077
0.000000093853
0.000000159106
0.000000151127
-0.000000051031
0.000001104347
0.000001201577
0.000001293365
-0.000001376546
-0.000001459399
0.000001538634
-0.000001607023
-0.000001685297
-0.000001766188
-0.000001857001
0.000001972267
0.000002103646
-0.000001383508
-0.000001203500
-0.000001087313
0.000002421421
0.000002137181
-0.000001865242
0.000001575283
-0.000001292313
-0.000000999776
-0.000000606776
-0.000000498722
-0.000000394822
0.000000303464
0.000000225466
0.000000163927
-0.000000079538
0.000000105750
0.000000211824
-0.000000333229
-0.000000433696
0.000000688155
-0.000000720287
0.000000689568
0.000000581045
0.000000303374
0.000000209557
0.000001125283
-0.000001943000
0.000002825561
0.000003605933
0.000004123889
0.000004258954
0.000008662179
0.000007343074
0.000005412587
0.000003074548
-0.000000470570
-0.000003243916
-0.000003652670
0.000003311859
0.000002684362
-0.000002138251
0.000001808338
-0.000001679835
0.000001296675
-0.000000971089
-0.000000726232
0.000000545297
-0.000000416289
-0.000000345430
0.000000319369
0.000000341578
0.000000378651
0.000000440747
0.000001478723
0.000001411159
0.000001350421
0.000001292548
0.000001246530
0.000001237854
-0.000001212894
0.000001191482
0.000001185765
0.000001184197
0.000001214937
0.000001242508
-0.000001325064
0.000001418208
0.000001538922
-0.000001681934
0.000001845202
0.000002024674
0.000002221427
-0.000002444934
-0.000002669153
-0.000002898008
-0.000003148498
0.000003388294
0.000003628131
-0.000004129534
0.000004543616
-0.000004956336
-0.000005325085
-0.000005633442
-0.000005888856
-0.000006072109
-0.000006179426
0.000006197635
-0.000006118580
0.000006020140
0.000005862804
-0.000005651673
-0.000005454460
0.000005156449
-0.000004809676
0.000004444740
-0.000004065028
-0.000003723304
-0.000003355581
0.000003015954
0.000002820578
0.000002637350
-0.000002563596
0.000002559199
-0.000002669426
-0.000002881284
0.000003164240
-0.000003469530
0.000003758947
-0.000004024402
0.000004246970
-0.000004432163
0.000004608196
-0.000004711453
0.000004779787
0.000004818544
0.000004800903
-0.000004778453
0.000004732837
-0.000004693975
-0.000004619946
-0.000004512469
-0.000004412674
-0.000005287391
-0.000005080318
0.000004885047
0.000004708179
-0.000004556922
0.000004436337
-0.000004250452
0.000004181948
0.000008893623
-0.000007336007
