1.12 -0.389378460460
1.125 -0.373194028518
1.13 0.338998800757
1.135 -0.256396428241
1.14 -0.032262909658
1.145 0.249784324270
1.15 0.360478476146
1.155 0.397059418241
1.16 0.409581268924
1.165 0.412346955526
1.17 0.410394803315
1.175 0.405894789380
1.18 0.399888778906
1.185 0.392966183986
1.19 0.385463162857
1.195 0.377585200437
1.20 0.369517489937
1.205 -0.432448969391
1.21 -0.437429428356
1.215 -0.442096146198
1.22 -0.446502047488
1.225 -0.450689076345
1.23 -0.454869791612
1.235 -0.458691034411
1.24 -0.462392861724
1.245 -0.465996495030
1.25 -0.469490166147
1.255 -0.472913888900
1.26 -0.476095506611
1.265 -0.479143108742
1.27 -0.482074592468
1.275 -0.484900932251
1.28 -0.487629539666
1.285 -0.490265835170
1.29 -0.492814076803
1.295 -0.495277814839
1.30 -0.497660088719
1.31 -0.502411257683
1.32 -0.506601510965
1.33 -0.510523110624
1.34 -0.514199714206
1.35 -0.517621713820
1.36 -0.520799579620
1.37 -0.523742269035
1.38 -0.526460605131
1.39 -0.528962318808
1.40 -0.531255597899
1.41 -0.533348242401
1.42 -0.535247782942
1.43 -0.536961635926
1.44 -0.538497288887
1.45 -0.539862539257
1.46 -0.541065731137
1.47 -0.542116070417
1.48 -0.543023090718
1.49 -0.543795920401
1.50 -0.544439248929
1.51 -0.544944901892
1.52 -0.545276920097
1.53 -0.545368500172
1.54 -0.545208922867
1.55 1.001149515942
1.56 0.990695972957
1.57 0.981728739866
1.58 0.973705550783
1.59 0.966302666230
1.60 0.959311087632
1.61 0.952586997299
1.62 0.946025875116
1.63 0.939546837503
1.64 0.933083378891
1.65 0.926577739931
1.66 0.919976401089
1.67 0.913227047237
1.68 0.906276281178
1.69 0.899067719853
1.70 0.891540494016
1.71 0.883627200617
1.72 0.875253163769
1.73 0.866327616644
1.74 0.856722542776
1.75 0.846210996463
1.76 0.834374837678
1.77 0.820681116133
1.80 0.766073121074
1.81 0.742443871849
1.82 0.715133742334
1.83 0.683431922871
1.84 0.646946103279
1.85 0.606289008908
1.86 0.563688290257
1.87 0.522236419241
1.88 0.484128949670
1.89 0.450036252921
1.90 0.419704071182
1.91 0.392503771583
1.92 0.368071957025
1.93 0.345816596069
1.94 0.325395928433
1.95 0.306523993736
1.957 0.294114808808
1.96 0.288980681201
1.97 0.272617796376
1.98 0.257803096126
1.99 0.289045975209
2.00 0.303611055364
2.01 0.289300560628
2.02 0.275358085452
2.03 0.261784334323
2.04 0.248579414859
2.05 0.235755023863
2.06 0.223286956931
2.07 0.185821769216
2.08 0.174716951495
2.09 0.163990458595
2.10 0.153635140005
2.11 0.143624570325
2.112 0.141668967625
2.12 0.133987602801
2.13 0.124698089724
2.14 0.115747525604
2.15 0.107126676065
2.16 0.098826089781
2.17 0.090835972274
2.18 0.083145888438
2.19 0.075745390693
2.20 0.068623598294
2.21 0.061769382095
2.22 0.055171302527
2.23 0.048817827156
2.24 0.042697111480
2.25 0.036797177074
2.26 0.031105719439
2.27 0.025611046231
2.28 0.020300043123
2.29 0.015160114497
2.30 0.010178090182
2.32 0.000633255238
2.34 -0.008450578270
2.36 -0.017206760531
2.38 -0.025797065517
2.4 -0.034425726093
2.42 -0.043335524682
2.44 -0.052714367383
2.46 -0.062416605585
2.48 -0.071204922708
2.5 -0.077700281131
2.52 -0.081761894154
2.54 -0.084445834752
2.56 -0.086487745999
2.58 -0.088192846895
2.6 -0.089718805036
2.62 -0.091106505873
2.64 -0.092428852920
2.66 -0.093710990000
2.68 -0.094990049695
2.7 -0.096217569640
2.72 -0.097421704158
2.74 -0.098605823077
2.76 -0.099773850636
2.78 -0.100930674688
2.8 -0.102082493397
2.82 -0.103220135546
2.84 -0.104387439971
2.86 -0.105578456490
2.88 -0.106804180827
2.90 -0.108073064122
2.92 -0.109388798998
2.94 -0.110747133339
2.96 -0.112165984743
2.98 -0.113551914873
3.00 -0.114900470503
3.02 -0.116163866070
3.04 -0.116898339133
3.06 -0.118044261603
3.08 -0.118883106468
3.10 -0.119389570618
3.12 -0.119552462123
3.14 -0.119376339172
3.16 -0.118868938925
3.18 -0.118062949775
3.20 -0.116968709653
3.22 -0.115614467761
3.24 -0.114054652327
3.26 -0.112308881899
3.28 -0.110407030358
3.30 -0.108376822856
3.35 -0.102884439314
3.4 -0.097066285586
3.45 -0.091139362067
3.5 -0.085223333781
