1.12 1.406591681330
1.125 1.402268680035
1.13 1.397970098259
1.135 1.393716346380
1.14 1.389458054225
1.145 1.385224289527
1.15 1.380995375584
1.155 1.376771548284
1.16 1.372513778207
1.165 1.368284116937
1.17 1.364044643292
1.175 1.359787399981
1.18 1.355501111635
1.185 1.351175727464
1.19 1.346795669176
1.195 1.342338260282
1.20 1.337767902799
1.205 1.331097233216
1.21 1.326044528888
1.215 1.320634544188
1.22 1.314657785370
1.225 1.307763922273
1.23 1.299350763938
1.235 1.288339942107
1.24 1.272904464189
1.245 1.250670932971
1.25 1.222306543861
1.255 1.195746234267
1.26 1.176006128537
1.265 1.161613879459
1.27 1.150447549080
1.275 1.141218833865
1.28 1.133220455010
1.285 1.126048831638
1.29 1.119464581081
1.295 1.113318105343
1.30 1.107511387818
1.31 1.096668601499
1.32 1.086595179692
1.33 1.077095681340
1.34 1.068042268659
1.35 1.059340082505
1.36 1.050909889430
1.37 1.042725120813
1.38 1.034614755119
1.39 1.026541334604
1.40 1.018400984659
1.41 1.010057883591
1.42 1.001321289462
1.43 0.991902948944
1.44 0.981331289638
1.45 0.968759820258
1.46 0.952479775101
1.47 0.928362380703
1.48 0.884155912249
1.49 0.761506177347
1.50 0.187892539556
1.51 -0.344961743478
1.52 -0.474843059479
1.53 0.524427610369
1.54 0.549894917005
1.55 -0.565080899401
1.56 0.574952992961
1.57 0.581704824086
1.58 -0.586460500829
1.59 -0.589847506748
1.60 -0.592242261004
1.61 0.593884678501
1.62 -0.594935537700
1.63 0.595507710456
1.64 -0.595683658356
1.65 -0.595526022350
1.66 0.595084638661
1.67 0.594401173646
1.68 -0.593512901091
1.69 -0.592456098823
1.70 0.591269721772
1.71 0.589999845520
1.72 -0.588704451200
1.73 -0.587455298377
1.74 -0.586320818414
1.75 0.585287006909
1.76 -0.584095206128
1.77 0.582261225787
1.80 -0.572453825482
1.81 -0.568450447746
1.82 -0.564215725757
1.83 0.559738965768
1.84 0.555036306442
1.85 0.550209444979
1.86 -0.545454890232
1.87 -0.540963799191
1.88 -0.536804965015
1.89 -0.532933638789
1.90 -0.529266169682
1.91 -0.525733211656
1.92 -0.522257524511
1.93 0.518813035653
1.94 -0.515368068762
1.95 -0.511903413943
1.957 0.509459738214
1.96 0.508407097451
1.97 -0.504876360457
1.98 -0.501373182095
1.99 -0.500960022396
2.00 -0.497651697110
2.01 0.494106547465
2.02 -0.490480472786
2.03 0.486774915785
2.04 0.482991391962
2.05 0.479137328571
2.06 0.475202784489
2.07 0.470667344278
2.08 0.466551775098
2.09 -0.462368449617
2.10 -0.458119255678
2.11 -0.453810250706
2.112 -0.452940102745
2.12 0.449435047459
2.13 0.445000061840
2.14 0.440507195921
2.15 -0.435958673136
2.16 -0.431356591391
2.17 0.426703222109
2.18 -0.422000846716
2.19 0.417251629216
2.20 0.412457835532
2.21 -0.407621712013
2.22 -0.402745504087
2.23 -0.397831476798
2.24 0.392881819052
2.25 -0.387898705350
2.26 -0.382884409204
2.27 0.377840700635
2.28 -0.372769791790
2.29 0.367673568339
2.30 -0.362553755913
2.32 0.352249294543
2.34 -0.341867037642
2.36 -0.331412057676
2.38 -0.320881720584
2.4 -0.310261726584
2.42 -0.299519570246
2.44 0.288596010298
2.46 0.277390293052
2.48 0.265802515751
2.5 0.253788051994
2.52 0.241518309542
2.54 -0.229329218315
2.56 -0.217498593333
2.58 -0.206107682876
2.6 0.195108951951
2.62 -0.184430600791
2.64 -0.174021523416
2.66 0.163859170552
2.68 -0.153931706020
2.7 -0.144240908618
2.72 -0.134778288625
2.74 0.125536859552
2.76 -0.116510422852
2.78 -0.107694510853
2.8 -0.099085946748
2.82 0.090692366463
2.84 0.082495375294
2.86 -0.074505197501
2.88 -0.066727894243
2.90 -0.059174202974
2.92 0.051861761172
2.94 -0.044816242430
2.96 -0.038063712592
2.98 -0.031658837805
3.00 0.025637163853
3.02 -0.020040264515
3.04 0.015185518849
3.06 0.010465294786
3.08 -0.006296936949
3.10 0.002671368666
3.12 -0.000429954466
3.14 -0.003037573967
3.16 0.005176971291
3.18 -0.006885939044
3.20 0.008209516318
3.22 -0.009165436338
3.24 -0.009837419170
3.26 -0.010243751838
3.28 -0.010421959739
3.30 -0.010407504844
3.35 0.009722165110
3.4 0.008459502413
3.45 0.006942333924
3.5 0.005326695601
