1.12 0.636879499032
1.125 0.636490240563
1.13 0.646469691424
1.135 0.675145295388
1.14 0.714564127166
1.145 0.663074370715
1.15 -0.602672782492
1.155 -0.571977864099
1.16 0.556130743457
1.165 0.547532952199
1.17 0.542875444608
1.175 -0.540582612592
1.18 0.539777708299
1.185 -0.539986807297
1.19 0.540906668966
1.195 0.542340155583
1.20 -0.544169972555
1.205 0.556843600008
1.21 0.557076605938
1.215 -0.557971723414
1.22 0.559341278006
1.225 0.561054592834
1.23 -0.562993877335
1.235 -0.565119717378
1.24 -0.567331732577
1.245 -0.569532420561
1.25 0.571645026053
1.255 0.573756727746
1.26 -0.575998350003
1.265 0.578368807499
1.27 -0.580823372913
1.275 0.583330102477
1.28 -0.585856034307
1.285 0.588391187857
1.29 0.590923289177
1.295 0.593445169113
1.30 -0.595951931807
1.31 -0.600909231329
1.32 -0.605779947983
1.33 0.610565409074
1.34 0.615276260158
1.35 0.619932653419
1.36 -0.624564270033
1.37 0.629215470803
1.38 0.633942378724
1.39 -0.638825988609
1.40 0.643977514966
1.41 -0.649556085968
1.42 -0.655797634804
1.43 -0.663068079979
1.44 0.671968480948
1.45 0.683561742728
1.46 -0.699921292469
1.47 0.725691530690
1.48 -0.773552689502
1.49 0.889938646785
1.50 1.152640641233
1.51 1.112019058326
1.52 1.059286479349
1.53 1.031648671116
1.54 1.014039728470
1.55 -0.544740580853
1.56 -0.544090482578
1.57 -0.543325789984
1.58 -0.542477681547
1.59 -0.541554938251
1.60 -0.540557773230
1.61 -0.539484659422
1.62 -0.538334853613
1.63 -0.537109007633
1.64 -0.535809476563
1.65 -0.534440305291
1.66 -0.533007536954
1.67 -0.531519644985
1.68 -0.529988464120
1.69 -0.528430666049
1.70 -0.526870157077
1.71 -0.525341510954
1.72 -0.523894101597
1.73 -0.522593199310
1.74 -0.521501081487
1.75 -0.520594605385
1.76 -0.519595195625
1.77 -0.517985194108
1.80 -0.509071870614
1.81 -0.505540720626
1.82 -0.501899184139
1.83 -0.498155100447
1.84 -0.494337999154
1.85 -0.490536978404
1.86 -0.486892121229
1.87 -0.483512772198
1.88 -0.480409645632
1.89 -0.477522670487
1.90 -0.474778316569
1.91 -0.472112642282
1.92 -0.469490678650
1.93 -0.466880650192
1.94 -0.464263382165
1.95 -0.461626333293
1.957 -0.459764467387
1.96 -0.458962140683
1.97 -0.456270839222
1.98 -0.453616968463
1.99 -0.454746669425
2.00 -0.453350867927
2.01 -0.450488277152
2.02 -0.447574033352
2.03 -0.444608718890
2.04 -0.441592941672
2.05 -0.438523752651
2.06 -0.435408768225
2.07 -0.430945101654
2.08 -0.427743872022
2.09 -0.424494896771
2.10 -0.421199030444
2.11 -0.417837248374
2.112 -0.417163632119
2.12 -0.414451321454
2.13 -0.411021441257
2.14 -0.407548552763
2.15 -0.404033787187
2.16 -0.400478284430
2.17 -0.396883101989
2.18 -0.393249521407
2.19 -0.389578687804
2.20 -0.385871817175
2.21 -0.382130124477
2.22 -0.378354836010
2.23 -0.374547139045
2.24 -0.370708208476
2.25 -0.366839257968
2.26 -0.362941455576
2.27 -0.359015722832
2.28 -0.355063283931
2.29 -0.351085005431
2.30 -0.347081809805
2.32 -0.339003761910
2.34 -0.330833757138
2.36 -0.322574072699
2.38 -0.314223602509
2.4 -0.305776587100
2.42 -0.297221140562
2.44 -0.288538952516
2.46 -0.279706054934
2.48 -0.270766092955
2.5 -0.261818023810
2.52 -0.253065923844
2.54 -0.244690891567
2.56 -0.236730235695
2.58 -0.229104242904
2.6 -0.221707692058
2.62 -0.214454520099
2.64 -0.207281484929
2.66 -0.200148118453
2.68 -0.193046610881
2.7 -0.185958733775
2.72 -0.178904784373
2.74 -0.171898902003
2.76 -0.164955099899
2.78 -0.158086525246
2.8 -0.151306298552
2.82 -0.144615729330
2.84 -0.138054543374
2.86 -0.131626595676
2.88 -0.125350253738
2.90 -0.119244682627
2.92 -0.113328999782
2.94 -0.107621012408
2.96 -0.102136428079
2.98 -0.096883977710
3.00 -0.091869463807
3.02 -0.087091632647
3.04 -0.084001035451
3.06 -0.079704009617
3.08 -0.075578512133
3.10 -0.071614912644
3.12 -0.067806617021
3.14 -0.064150038868
3.16 -0.060643063717
3.18 -0.057285700807
3.20 -0.054078827795
3.22 -0.051025035257
3.24 -0.048121415255
3.26 -0.045368864657
3.28 -0.042766095187
3.30 -0.040311054088
3.35 -0.034797834700
3.4 -0.030116256031
3.45 -0.026164424209
3.5 -0.022860790349
