1.12 0.125178973041
1.125 0.154812731962
1.13 -0.209778741752
1.135 0.327592411977
1.14 0.589285917675
1.145 0.826576896972
1.15 0.890676963627
1.155 0.908899948136
1.16 0.916176764750
1.165 0.919939531004
1.17 0.922066456877
1.175 0.923259342125
1.18 0.923961247176
1.185 0.924298919136
1.19 0.924372351221
1.195 0.924238012346
1.20 0.923898450766
1.205 0.120334307661
1.21 0.120918679976
1.215 0.121758505356
1.22 0.122824923729
1.225 0.124089838734
1.23 0.125502485543
1.235 0.127071688564
1.24 0.128719832957
1.245 0.130364586256
1.25 0.131937296677
1.255 0.133542333213
1.26 0.135336276794
1.265 0.137339717256
1.27 0.139514973002
1.275 0.141826464800
1.28 0.144248520554
1.285 0.146763590810
1.29 0.149359067257
1.295 0.152025964631
1.30 0.154757694963
1.31 0.160364149098
1.32 0.166227160830
1.33 0.172298894180
1.34 0.178584636141
1.35 0.185100825964
1.36 0.191876709380
1.37 0.198933542380
1.38 0.206372172444
1.39 0.214245746626
1.40 0.222653413850
1.41 0.231724229078
1.42 0.241627084038
1.43 0.252584502177
1.44 0.264893186692
1.45 0.278953523197
1.46 0.295311715481
1.47 0.314717691280
1.48 0.338195469533
1.49 0.367100017643
1.50 0.403060028788
1.51 0.447530871533
1.52 0.500470672530
1.53 0.558126292134
1.54 0.612652761675
1.55 0.378293633979
1.56 0.411542697318
1.57 0.435425554886
1.58 0.452139193820
1.59 0.463887495126
1.60 0.472289581832
1.61 0.478415453876
1.62 0.482949026838
1.63 0.486323219189
1.64 0.488810357272
1.65 0.490575804242
1.66 0.491707673508
1.67 0.492228017581
1.68 0.492090464775
1.69 0.491158369922
1.70 0.489155084520
1.71 0.485561887235
1.72 0.479415427656
1.73 0.468925915188
1.74 0.450891485509
1.75 0.420492758149
1.76 0.374014410335
1.77 -0.315944425959
1.80 -0.175417011143
1.81 -0.147088206514
1.82 -0.124195247619
1.83 -0.104766274561
1.84 -0.087662882100
1.85 0.072127202152
1.86 0.058312399590
1.87 0.046463056874
1.88 0.036597513695
1.89 0.028465248178
1.90 0.021731582688
1.91 0.016058340430
1.92 0.011314629584
1.93 0.007269157336
1.94 0.003804924893
1.95 0.000831305922
1.957 -0.000995432487
1.96 -0.001719779740
1.97 -0.003903126101
1.98 -0.005830615605
1.99 -0.019683794868
2.00 -0.015893205442
2.01 -0.015909242468
2.02 -0.015776523050
2.03 -0.015500747143
2.04 -0.015086475479
2.05 -0.014615683420
2.06 -0.013934237532
2.07 -0.018078604823
2.08 -0.017216098260
2.09 -0.016221209593
2.10 -0.015095139857
2.11 -0.013831792770
2.112 -0.013564812617
2.12 -0.012444244237
2.13 -0.010924392654
2.14 -0.009270922708
2.15 -0.007481128773
2.16 -0.005551663074
2.17 -0.003478308343
2.18 -0.001255370940
2.19 0.001123556976
2.20 0.003666362946
2.21 0.006382469572
2.22 0.009282997166
2.23 0.012381205894
2.24 0.015692466695
2.25 0.019235074966
2.26 0.023030124490
2.27 0.027102333055
2.28 0.031480828442
2.29 0.036199667684
2.30 0.041298634410
2.32 0.052830908018
2.34 0.066559202204
2.36 0.083142948635
2.38 0.103476562994
2.4 0.128796089660
2.42 0.160186372963
2.44 0.198185024650
2.46 0.240133682657
2.48 0.277036475256
2.5 0.297236427199
2.52 0.297672661707
2.54 0.285283145737
2.56 0.268329992076
2.58 0.251757739600
2.6 0.237527438833
2.62 0.225932729799
2.64 0.216758865148
2.66 0.209591318214
2.68 0.204083987773
2.7 0.199768248781
2.72 0.196435306503
2.74 0.193869507569
2.76 0.191894102885
2.78 0.190356762261
2.8 0.189121837993
2.82 0.188049604199
2.84 0.187066632660
2.86 0.186063453823
2.88 0.184969270719
2.90 0.183737560411
2.92 0.182347684869
2.94 0.180803495202
2.96 0.179130591003
2.98 0.177361574965
3.00 0.175544444543
3.02 0.173721746047
3.04 0.173522727718
3.06 0.171406512555
3.08 0.169466282349
3.10 0.167675866219
3.12 0.166003775853
3.14 0.164430183564
3.16 0.162898502956
3.18 0.161389809217
3.20 0.159897242068
3.22 -0.158402361046
3.24 -0.156886647600
3.26 -0.155346810740
3.28 -0.153779477912
3.30 -0.152183841276
3.35 -0.148080224331
3.4 -0.143850486228
3.45 -0.139554278200
3.5 -0.135240999405
