1.12 0.878179751992
1.125 0.883492624974
1.13 0.879948442854
1.135 0.849543976077
1.14 0.699978903203
1.145 0.400347279834
1.15 -0.234239352420
1.155 -0.159644948075
1.16 0.119796729902
1.165 0.095221514395
1.17 0.078432228258
1.175 -0.065999453085
1.18 0.056337325904
1.185 -0.048423964295
1.19 0.041690163241
1.195 0.035778077838
1.20 -0.030422324723
1.205 0.077420239707
1.21 0.064892435058
1.215 -0.054434097200
1.22 0.045456784417
1.225 0.037567832836
1.23 -0.030467611141
1.235 -0.024017059993
1.24 -0.018039930669
1.245 -0.012426327319
1.25 0.007136003379
1.255 0.002221087773
1.26 0.002337321036
1.265 -0.006641830843
1.27 0.010773523791
1.275 -0.014803461488
1.28 0.018715188744
1.285 -0.022552331176
1.29 -0.026328760266
1.295 -0.030055541012
1.30 0.033741849799
1.31 0.041023816943
1.32 0.048230769442
1.33 -0.055413309965
1.34 -0.062623202241
1.35 -0.069915171422
1.36 0.077351861898
1.37 -0.085043138742
1.38 -0.093005004252
1.39 0.101376322498
1.40 -0.110287815689
1.41 0.119904604731
1.42 0.130439371549
1.43 0.142172224376
1.44 -0.155481323457
1.45 -0.170892370943
1.46 0.189163097724
1.47 -0.211437035496
1.48 0.239538568938
1.49 -0.275495440230
1.50 -0.278305970183
1.51 -0.227893332664
1.52 -0.245904875601
1.53 -0.287889961968
1.54 -0.335521639933
1.55 -0.656091136442
1.56 -0.686145389138
1.57 -0.705219102185
1.58 -0.716941777414
1.59 -0.724180956818
1.60 -0.728765841579
1.61 -0.731771314671
1.62 -0.733811243089
1.63 -0.735233104471
1.64 -0.736231635178
1.65 -0.736912033114
1.66 -0.737322744581
1.67 -0.737471700023
1.68 -0.737327736183
1.69 -0.736808649630
1.70 -0.735744859454
1.71 -0.733793467040
1.72 -0.730247408482
1.73 -0.723617227874
1.74 -0.710837716892
1.75 -0.686453436811
1.76 -0.644581005899
1.77 0.587180696224
1.80 0.436701696725
1.81 0.406769708752
1.82 0.383791087907
1.83 0.365667321398
1.84 0.350962489749
1.85 -0.338796890109
1.86 -0.328681530254
1.87 -0.320288168209
1.88 -0.313273845892
1.89 -0.307286591119
1.90 -0.302030585282
1.91 -0.297288858006
1.92 -0.292904152051
1.93 -0.288770662309
1.94 -0.284812977960
1.95 -0.280977340569
1.957 -0.278343998885
1.96 -0.277225491308
1.97 -0.273533380820
1.98 -0.269950313055
1.99 -0.270906748949
2.00 -0.271557620415
2.01 -0.268171707602
2.02 -0.264734795228
2.03 -0.261246087951
2.04 -0.257705227264
2.05 -0.254129720523
2.06 -0.250485136183
2.07 -0.242655987876
2.08 -0.238906950264
2.09 -0.235110515066
2.10 -0.231267331576
2.11 -0.227388228752
2.112 -0.226604911429
2.12 -0.223453526861
2.13 -0.219473825819
2.14 -0.215449466371
2.15 -0.211380653337
2.16 -0.207267812166
2.17 -0.203109740936
2.18 -0.198906393046
2.19 -0.194656762596
2.20 -0.190359498166
2.21 -0.186012811295
2.22 -0.181614402021
2.23 -0.177161411138
2.24 -0.172650264100
2.25 -0.168076768600
2.26 -0.163435685374
2.27 -0.158721072152
2.28 -0.153925998171
2.29 -0.149041696073
2.30 -0.144058550230
2.32 -0.133749289702
2.34 -0.122878919828
2.36 -0.111288684063
2.38 -0.098762994189
2.4 -0.084977404642
2.42 -0.069599235609
2.44 -0.052167389878
2.46 -0.032329471418
2.48 -0.010270296073
2.5 0.012742550886
2.52 0.034379690551
2.54 0.052531224482
2.56 0.066545893616
2.58 0.077001314044
2.6 0.084830761384
2.62 0.090839866582
2.64 0.095617553710
2.66 0.099582332488
2.68 0.103044104305
2.7 0.106154521233
2.72 0.109042416359
2.74 0.111762450038
2.76 0.114335916083
2.78 0.116763829078
2.8 0.119037923803
2.82 0.121135823189
2.84 0.123065794939
2.86 0.124811188468
2.88 0.126373154808
2.90 0.127761046940
2.92 0.128991705467
2.94 0.130086565679
2.96 0.131067864786
2.98 0.131955130963
3.00 0.132761802254
3.02 0.133493600253
3.04 0.133660877835
3.06 0.134173203132
3.08 0.134598866697
3.10 0.134916866414
3.12 0.135108065885
3.14 0.135146613631
3.16 0.135040423208
3.18 0.134774208408
3.20 0.134345435983
3.22 -0.133755461742
3.24 -0.133009952109
3.26 -0.132116040012
3.28 -0.131082672213
3.30 -0.129919820287
3.35 -0.126489160936
3.4 -0.122503804087
3.45 -0.118109247770
3.5 -0.113408806556
