1.12 0.842680564523
1.125 0.806603428216
1.13 0.772537800430
1.135 0.740571524830
1.14 0.710664882045
1.145 0.682701256039
1.15 0.656535716113
1.155 0.632010444017
1.16 0.608104699333
1.165 0.586434966319
1.17 0.565971336698
1.175 0.546596067502
1.18 0.528206758722
1.185 0.510708111029
1.19 0.494015760559
1.195 0.478053730219
1.20 0.462753916622
1.205 0.443439280719
1.21 0.429265303308
1.215 0.415587139907
1.22 0.402329421142
1.225 0.389404852236
1.23 0.376707371842
1.235 0.364072305240
1.24 0.351296573903
1.245 0.338201503567
1.25 0.325099799835
1.255 0.312971701134
1.26 0.302081073891
1.265 0.292026043806
1.27 0.282495211377
1.275 0.273338080711
1.28 0.264463701114
1.285 0.255834793374
1.29 0.247424104277
1.295 0.239212326604
1.30 0.231184497086
1.31 0.215632150892
1.32 0.200682146665
1.33 0.186261886021
1.34 0.172304257793
1.35 0.158746662646
1.36 0.145526670675
1.37 0.131268337135
1.38 0.118568060356
1.39 0.106011233058
1.40 0.093526921036
1.41 0.081039053468
1.42 0.068467280030
1.43 0.055732954070
1.44 0.042777504600
1.45 0.029616382304
1.46 0.016500140672
1.47 0.004432616845
1.48 -0.002577524828
1.49 0.015226795487
1.50 0.163835425098
1.51 0.307980954814
1.52 0.385612387717
1.53 -0.458930023668
1.54 -0.528591215128
1.55 -0.587304238859
1.56 0.631492229565
1.57 0.662762944258
1.58 -0.684646656233
1.59 -0.700277587804
1.60 -0.711831849896
1.61 0.720691411117
1.62 -0.727710468236
1.63 0.733414454674
1.64 -0.738126950973
1.65 -0.742042610896
1.66 0.745272941418
1.67 0.747861105300
1.68 -0.749792310420
1.69 -0.750978194986
1.70 0.751217595668
1.71 0.750102256203
1.72 -0.746812679919
1.73 -0.739682134859
1.74 -0.725406797001
1.75 0.698340550466
1.76 -0.652827039020
1.77 -0.591809994911
1.80 0.437204184388
1.81 0.407263919577
1.82 0.384245484678
1.83 -0.365758870236
1.84 -0.350170154633
1.85 0.336590011098
1.86 -0.324736835057
1.87 -0.314653271090
1.88 -0.306285836434
1.89 -0.299383195816
1.90 -0.293625713095
1.91 -0.288739342995
1.92 -0.284476388711
1.93 0.280682740780
1.94 -0.277234785127
1.95 -0.274041208820
1.957 0.271919057787
1.96 0.271032067569
1.97 -0.268145792921
1.98 -0.265227807283
1.99 -0.256586331279
2.00 -0.247285889581
2.01 0.246711467826
2.02 -0.246077253401
2.03 0.245382439950
2.04 0.244627522585
2.05 0.243776752691
2.06 0.242909107913
2.07 0.245434495886
2.08 0.243904108367
2.09 -0.242348581639
2.10 -0.240771450906
2.11 -0.239176745231
2.112 -0.238855947448
2.12 0.237567790909
2.13 0.235948660067
2.14 0.234323383039
2.15 -0.232695631540
2.16 -0.231067949076
2.17 0.229446018356
2.18 -0.227831623490
2.19 0.226227991220
2.20 0.224637724510
2.21 -0.223063091562
2.22 -0.221505963857
2.23 -0.219967690969
2.24 0.218449081397
2.25 -0.216950206001
2.26 -0.215470439766
2.27 0.214008160674
2.28 -0.212560388849
2.29 0.211123692220
2.30 -0.209692113042
2.32 0.206807374680
2.34 -0.203818054696
2.36 -0.200564914197
2.38 -0.196791950922
2.4 -0.192143882801
2.42 -0.185918128552
2.44 0.177250173628
2.46 0.164978166305
2.48 0.148050692997
2.5 0.126438773880
2.52 0.102299153903
2.54 -0.079295611416
2.56 -0.060192278931
2.58 -0.045753590037
2.6 0.035482305494
2.62 -0.028530008759
2.64 -0.024113524948
2.66 0.021601560528
2.68 -0.020514611741
2.7 -0.020436600362
2.72 -0.021086675869
2.74 0.022239787148
2.76 -0.023719544587
2.78 -0.025378970482
2.8 -0.027090941264
2.82 0.028731510852
2.84 0.030223540401
2.86 -0.031477952760
2.88 -0.032441883274
2.90 -0.033093938104
2.92 0.033448655072
2.94 -0.033553792176
2.96 -0.033482552475
2.98 -0.033325044641
3.00 0.033170162066
3.02 -0.033094272033
3.04 0.035577581734
3.06 0.034996801315
3.08 -0.034777341659
3.10 0.034845664060
3.12 0.035123835125
3.14 0.035548774153
3.16 -0.036032612504
3.18 0.036534665852
3.20 -0.037006027200
3.22 -0.037423250556
3.24 -0.037747714864
3.26 -0.037970222972
3.28 -0.038080044750
3.30 -0.038072340298
3.35 0.037551855568
3.4 0.036334166702
3.45 0.034551153249
3.5 0.032338410145
