1.12 -1.670712019703
1.125 -1.717014972061
1.13 -1.755805187265
1.135 -1.788134175615
1.14 -1.814955331007
1.145 -1.837100862885
1.15 -1.855280494819
1.155 -1.870091386832
1.16 -1.882032624086
1.65 0.230906401145
1.17 -1.899127523435
1.175 -1.904681398117
1.18 -1.908662842918
1.185 -1.911276990276
1.19 -1.912697385002
1.195 -1.913071289137
1.20 -1.912523851625
1.205 -1.911161207901
1.21 -1.909072613892
1.215 -1.906331517709
1.22 -1.902995203662
1.225 -1.899102412820
1.23 -1.894666711833
1.235 -1.889661546547
1.24 -1.883985010494
1.245 -1.877381957246
1.25 -1.869519975974
1.255 -1.862119622040
1.26 -1.856488886654
1.265 -1.851312348105
1.27 -1.846123244716
1.275 -1.840818106234
1.28 -1.835380221814
1.285 -1.829815923379
1.29 -1.824137910468
1.295 -1.818359208978
1.30 -1.812492192641
1.31 -1.800535673377
1.32 -1.788338286420
1.33 -1.775947105674
1.34 -1.763389057610
1.35 -1.750674242878
1.36 -1.737792565430
1.37 -1.724991378675
1.38 -1.711682858811
1.39 -1.698086260808
1.40 -1.684117383902
1.41 -1.669660315617
1.42 -1.654553532923
1.43 -1.638566265725
1.44 -1.621356788481
1.45 -1.602396898364
1.46 -1.580829101642
1.47 -1.555191932341
1.48 -1.522880026041
1.49 -1.479115532255
1.50 -1.415349371986
1.51 -1.318607750985
1.52 -1.178366719983
1.53 1.004745619603
1.54 0.830540243803
1.55 0.682605337905
1.56 0.567550738751
1.57 0.480720518010
1.58 0.415275764075
1.59 0.365474993922
1.60 0.327131981415
1.61 0.297329177798
1.62 0.274015095548
1.63 0.255783310567
1.64 0.241643822237
1.65 0.230906408698
1.66 0.223100991593
1.67 0.217929372814
1.68 0.215239248034
1.69 0.215018503481
1.70 0.217407670536
1.71 0.222739098779
1.72 0.231614172321
1.73 0.245043790454
1.74 0.264698309939
1.75 0.293329436998
1.76 0.335330495847
1.77 0.396616185808
1.80 -0.623734235750
1.81 -0.642248776864
1.82 0.636876518746
1.83 0.620248746068
1.84 0.598606897153
1.85 0.574779447093
1.86 0.550091430440
1.87 0.525212447197
1.88 0.500529725781
1.89 0.476319240753
1.90 0.452828795113
1.91 0.430255197381
1.92 0.408549067715
1.93 0.387278750383
1.94 0.365954433768
1.95 0.344346281817
1.957 0.329032868567
1.96 0.322426305739
1.97 0.300240020894
1.98 0.277844908656
1.99 0.255252636453
2.00 0.232588520066
2.01 0.209839035566
2.02 0.187028837115
2.03 0.164176298215
2.04 0.141296371562
2.05 0.118401817123
2.06 0.095500043486
2.07 0.072599901017
2.08 0.049664844318
2.09 0.026794763700
2.10 0.003945500052
2.11 -0.018876203666
2.112 -0.023436761185
2.12 -0.041664743740
2.13 -0.064413766998
2.14 -0.087116474865
2.15 -0.109765565969
2.16 -0.132353125290
2.17 -0.154870606240
2.18 -0.177308432893
2.19 -0.199656358922
2.20 -0.221902869163
2.21 -0.244035801480
2.22 -0.266041213480
2.23 -0.287900391179
2.24 -0.309602669052
2.25 -0.331125952892
2.26 -0.352448556484
2.27 -0.373546112028
2.28 -0.394390811419
2.29 -0.414950618499
2.30 -0.435188871892
2.32 -0.474521624644
2.34 -0.511949023764
2.36 -0.546849072835
2.38 -0.578090805906
2.4 -0.604698670095
2.42 -0.624534601945
2.44 -0.634702784460
2.46 -0.631231593267
2.48 -0.609400293545
2.5 -0.566314110414
2.52 -0.503941841827
2.54 -0.431439396586
2.56 -0.360626175618
2.58 -0.299388817922
2.6 -0.250251430700
2.62 -0.212238182703
2.64 -0.183602908929
2.66 -0.163252572247
2.68 -0.150925593356
2.7 -0.146199942433
2.72 -0.148793386407
2.74 -0.155876850832
2.76 -0.167056737834
2.78 -0.181314237999
2.8 -0.197180525589
2.82 -0.214710093914
2.84 -0.232382075446
2.86 -0.249100904825
2.88 -0.263737765036
2.90 -0.275201713625
2.92 -0.282536928872
2.94 -0.285027534790
2.96 -0.282288953275
2.98 -0.274323387739
3.00 -0.261523188518
3.02 -0.244615847784
3.04 -0.224563148177
3.06 -0.202373812175
3.08 -0.179198892670
3.10 -0.155972918830
3.12 -0.133469365928
3.14 -0.112372908805
3.16 -0.092832801633
3.18 -0.075159075513
3.20 -0.059414377903
3.22 -0.045339127875
3.24 0.033290556771
3.26 0.022875477702
3.28 0.013924138632
3.30 0.006262999278
3.35 -0.008384414893
3.4 -0.018115983509
3.45 -0.024663595803
3.5 -0.029137587368
