1.12 -1.670707999236
1.125 -1.717011214653
1.13 -1.755801652674
1.135 -1.788130857690
1.14 -1.814952221228
1.145 -1.837097950434
1.15 -1.855277763632
1.155 -1.870088832032
1.16 -1.882030229004
1.65 -0.230904937605
1.17 -1.899124667555
1.175 -1.904678697457
1.18 -1.908660243140
1.185 -1.911274480317
1.19 -1.912694955147
1.195 -1.913068930870
1.20 -1.912521557931
1.205 -1.911158972734
1.21 -1.909070432959
1.215 -1.906329387464
1.22 -1.902993123060
1.225 -1.899100382368
1.23 -1.894664737658
1.235 -1.889659641008
1.24 -1.883983202586
1.245 -1.877380318824
1.25 -1.869518720181
1.255 -1.862118920387
1.26 -1.856488441280
1.265 -1.851311991780
1.27 -1.846122920471
1.275 -1.840817797508
1.28 -1.835379920784
1.285 -1.829815627267
1.29 -1.824137614399
1.295 -1.818358914059
1.30 -1.812491899412
1.31 -1.800535380628
1.32 -1.788338000689
1.33 -1.775946830601
1.34 -1.763388797637
1.35 -1.750674034560
1.36 -1.737792392346
1.37 -1.724990892442
1.38 -1.711682392199
1.39 -1.698085820102
1.40 -1.684116970050
1.41 -1.669659929166
1.42 -1.654553175562
1.43 -1.638565940190
1.44 -1.621356514140
1.45 -1.602396634580
1.46 -1.580828885619
1.47 -1.555191767610
1.48 -1.522879943682
1.49 -1.479115455555
1.50 -1.415349059806
1.51 -1.318606463737
1.52 -1.178364049451
1.53 -1.004742192436
1.54 -0.830536892620
1.55 -0.682602420513
1.56 -0.567548205357
1.57 -0.480718300931
1.58 -0.415273717888
1.59 -0.365473116987
1.60 -0.327130289712
1.61 -0.297326466508
1.62 -0.274012682205
1.63 -0.255781271501
1.64 -0.241642119572
1.65 -0.230904945155
1.66 -0.223099613879
1.67 -0.217928145672
1.68 -0.215238057889
1.69 -0.215017485824
1.70 -0.217406754618
1.71 -0.222738280956
1.72 -0.231613337958
1.73 -0.245042717382
1.74 -0.264697057863
1.75 -0.293327964581
1.76 -0.335328826789
1.77 -0.396614370454
1.80 -0.623795267072
1.81 -0.642246012892
1.82 -0.636873564877
1.83 -0.620245558839
1.84 -0.598604421889
1.85 -0.574776520205
1.86 -0.550087503149
1.87 -0.525207811200
1.88 -0.500524176840
1.89 -0.476312573589
1.90 -0.452821022579
1.91 -0.430245897524
1.92 -0.408538493779
1.93 -0.387267119678
1.94 -0.365942069716
1.95 -0.344333224518
1.957 -0.329019460934
1.96 -0.322412760802
1.97 -0.300226071524
1.98 -0.277830622960
1.99 -0.255246886213
2.00 -0.232582519312
2.01 -0.209832777168
2.02 -0.187022275077
2.03 -0.164169528577
2.04 -0.141289400863
2.05 -0.118393439370
2.06 -0.095492626450
2.07 -0.072592369031
2.08 -0.049658934381
2.09 -0.026788965633
2.10 -0.003940435220
2.11 0.018880772126
2.112 0.023441227881
2.12 0.041668797171
2.13 0.064417246878
2.14 0.087119448670
2.15 0.109767399021
2.16 0.132354321947
2.17 0.154871099654
2.18 0.177308485848
2.19 0.199655834827
2.20 0.221901872550
2.21 0.244031235386
2.22 0.266036108016
2.23 0.287897793112
2.24 0.309599653491
2.25 0.331122437158
2.26 0.352444676851
2.27 0.373541745272
2.28 0.394385866428
2.29 0.414945250513
2.30 0.435183019783
2.32 0.474514894509
2.34 0.511941585400
2.36 0.546838749665
2.38 0.578095913076
2.4 0.604704127298
2.42 0.624540326575
2.44 0.634707598404
2.46 0.631229204365
2.48 0.609400674237
2.5 0.566307918529
2.52 0.503937588653
2.54 0.431434056667
2.56 0.360618792821
2.58 0.299387917834
2.6 0.250249708126
2.62 0.212235449128
2.64 0.183599847111
2.66 0.163249700496
2.68 0.150922096128
2.7 0.146963346041
2.72 0.148778388278
2.74 0.155862357299
2.76 0.167043241494
2.78 0.181301312133
2.8 0.197173317667
2.82 0.214703462679
2.84 0.232375731026
2.86 0.249094978287
2.88 0.263732487992
2.90 0.275197478860
2.92 0.282533426209
2.94 0.285025514865
2.96 0.282288564690
2.98 0.274324581623
3.00 0.261525580917
3.02 0.244617905346
3.04 0.224566458763
3.06 0.202387288744
3.08 0.179212654468
3.10 0.155986621556
3.12 0.133580253998
3.14 0.112375394728
3.16 0.092834227698
3.18 -0.075159699681
3.20 -0.059414415581
3.22 -0.045354441613
3.24 -0.033304268319
3.26 -0.022887529421
3.28 -0.013934538004
3.30 -0.006271926395
3.35 0.008250359075
3.4 0.018108884612
3.45 0.024658803002
3.5 0.029134666866
