1.12 -0.294173201376
1.125 -0.320072827926
1.13 -0.339856865927
1.135 -0.355080327306
1.14 -0.367615544069
1.145 -0.377630885145
1.15 -0.385969181571
1.155 -0.393409921831
1.16 -0.399885295355
1.165 -0.405761250026
1.17 -0.411507610235
1.175 -0.416464711472
1.18 -0.421140135206
1.185 -0.425583273682
1.19 -0.429832297644
1.195 -0.433914351531
1.20 -0.437850790035
1.205 -0.441658747099
1.21 -0.445421766988
1.215 -0.449006823946
1.22 -0.452502579975
1.225 -0.455920874003
1.23 -0.459276953807
1.235 -0.462593590403
1.24 -0.465907186710
1.245 -0.469260507893
1.25 -0.472577531428
1.255 -0.475659715813
1.26 -0.478903828929
1.265 -0.481658485305
1.27 -0.484336719754
1.275 -0.486943656700
1.28 -0.489480533517
1.285 -0.491947253513
1.29 -0.494342967344
1.295 -0.496666142629
1.30 -0.498914634574
1.31 -0.494529849878
1.32 -0.386355688721
1.33 -0.279431198525
1.34 -0.182281345991
1.35 0.099081845812
1.36 -0.030077976589
1.37 -0.026502075420
1.38 0.072955666757
1.39 -0.111401041095
1.40 -0.143609698901
1.41 -0.170758790615
1.42 -0.194074459074
1.43 0.214241291916
1.44 -0.231847917269
1.45 -0.247345258281
1.46 0.261081646948
1.47 0.273328216959
1.48 0.284297435018
1.49 -0.294156748620
1.50 0.303039315550
1.51 0.311053696886
1.52 0.318294341130
1.53 -0.324853748977
1.54 0.330831328859
1.55 0.336328346359
1.56 0.341428034454
1.57 0.346181652506
1.58 0.350614280076
1.59 0.354739174449
1.60 -0.358567299874
1.61 -0.362110534646
1.62 0.365381820437
1.63 -0.368394391407
1.64 0.371161225352
1.65 -0.373694695628
1.66 -0.376006778667
1.67 0.378109644735
1.68 -0.380017171852
1.69 0.381748366582
1.70 -0.383333892950
1.71 -0.384828661301
1.72 0.386328996471
1.73 -0.387977054609
1.74 -0.389900148027
1.75 -0.392075996747
1.76 0.394300094250
1.77 0.396347529166
1.80 0.400580957008
1.81 -0.401326384400
1.82 -0.401742973675
1.83 -0.401821731953
1.84 0.401548074073
1.85 0.400927831113
1.86 0.400060625272
1.87 0.399178598634
1.88 0.398446795359
1.89 -0.397837012856
1.90 -0.397261990328
1.91 -0.396658610701
1.92 -0.395992019761
1.93 -0.395245811090
1.94 -0.394413609809
1.95 0.393494432581
1.957 0.392800447899
1.96 0.392490533359
1.97 0.391404790942
1.98 -0.390221347998
1.99 0.388981991548
2.00 -0.387669549701
2.01 -0.386289185899
2.02 -0.384842277198
2.03 0.383330955568
2.04 0.381757399839
2.05 -0.380123260946
2.06 -0.378427931464
2.07 0.376677164885
2.08 -0.374870046243
2.09 0.373007810530
2.10 -0.371091504275
2.11 -0.369122194219
2.112 -0.368722055589
2.12 0.367100843240
2.13 -0.365028396213
2.14 0.362905764622
2.15 -0.360733849965
2.16 -0.358513542926
2.17 0.356245760401
2.18 -0.353931388737
2.19 0.351571414017
2.20 -0.349166736828
2.21 0.346718430412
2.22 0.344227508033
2.23 0.341695086893
2.24 0.339122271207
2.25 0.336510241215
2.26 -0.333860194243
2.27 -0.331173498429
2.28 0.328451226129
2.29 -0.325694814993
2.30 -0.322905640604
2.32 0.317234349871
2.34 -0.311448500862
2.36 0.305559174156
2.38 0.299577408169
2.4 -0.293513743111
2.42 -0.287377406066
2.44 -0.281177436798
2.46 0.274920927400
2.48 0.268612889058
2.5 0.267050144471
2.52 -0.260106805990
2.54 -0.253080278961
2.56 -0.245994673581
2.58 0.238900046683
2.6 0.231918998638
2.62 -0.225123571020
2.64 0.218549176408
2.66 -0.212186063488
2.68 -0.206007419487
2.7 -0.199991486104
2.72 0.194127602554
2.74 0.188414233171
2.76 -0.182855289599
2.78 0.177457648339
2.8 -0.172229321455
2.82 -0.167178571187
2.84 0.162312193604
2.86 -0.157634554756
2.88 0.153145118457
2.90 -0.148836163773
2.92 -0.144717303342
2.94 0.140705933264
2.96 -0.136768932541
2.98 0.132924484310
3.00 0.129107295672
3.02 -0.125311017862
3.04 -0.121478690948
3.06 0.117631403613
3.08 -0.113779804964
3.10 -0.109942543528
3.12 -0.106143658916
3.14 0.102409034254
3.16 -0.098761972476
3.18 0.095225503566
3.20 -0.091819061949
3.22 0.088561717261
3.24 0.085457273216
3.26 -0.082517738014
3.28 0.079747464856
3.30 0.077147762863
3.35 0.071385981135
3.4 0.066613006974
3.45 0.062721224532
3.5 0.059589124503
