1.12 -1.017249037537
1.125 -1.015789735002
1.13 -1.014080325990
1.135 -1.012129032331
1.14 -1.009941880370
1.145 -1.007517408264
1.15 -1.004856475857
1.155 -1.001954537039
1.16 -0.998806418004
1.165 -0.995402978751
1.17 -0.991732949555
1.175 -0.987783610978
1.18 -0.983538736659
1.185 -0.978979589110
1.19 -0.974084428008
1.195 -0.968828149570
1.20 -0.963181899984
1.205 -0.957112788892
1.21 -0.950583654324
1.215 -0.943552573681
1.22 -0.935974008691
1.225 -0.927799718984
1.23 -0.918982123406
1.235 -0.909479487729
1.24 -0.899253591451
1.245 -0.888163526188
1.25 -0.875422476263
1.255 -0.860122007283
1.26 -0.842537844404
1.265 -0.822728663670
1.27 -0.800429137161
1.275 -0.775270848967
1.28 -0.746853573688
1.285 -0.714787350374
1.29 -0.678744167371
1.295 -0.638527009195
1.30 -0.594153153143
1.31 -0.503178721320
1.32 -0.507125969283
1.33 -0.510780229813
1.34 -0.514171706525
1.35 -0.517340248206
1.36 -0.520314570591
1.37 -0.523109119622
1.38 -0.525728396597
1.39 -0.528172050623
1.40 -0.530517704514
1.41 -0.532599203767
1.42 -0.534504219936
1.43 -0.536234744830
1.44 -0.537794448093
1.45 -0.539188186906
1.46 -0.540421762262
1.47 -0.541501600791
1.48 -0.542434056031
1.49 -0.543224179770
1.50 -0.543873185433
1.51 -0.544374019107
1.52 -0.544705991182
1.53 -0.544833416028
1.54 -0.544718275726
1.55 -0.544348739884
1.56 -0.543757088509
1.57 -0.543002050465
1.58 -0.542137249685
1.59 -0.541196692789
1.60 -0.540197466210
1.61 -0.539147230525
1.62 -0.538050070657
1.63 -0.536909899541
1.64 -0.535732276874
1.65 -0.534525587103
1.66 -0.533302090980
1.67 -0.532079110507
1.68 -0.530880344830
1.69 -0.529736872290
1.70 -0.528685527359
1.71 -0.527758609906
1.72 -0.526951995489
1.73 -0.526162593695
1.74 -0.525143355575
1.75 -0.523615514084
1.76 -0.521497280767
1.77 -0.518924390343
1.80 -0.509865650196
1.81 -0.506536140032
1.82 -0.503015251501
1.83 -0.499254401057
1.84 -0.495210030551
1.85 -0.490898585235
1.86 -0.486526008884
1.87 -0.482510677334
1.88 -0.479080553868
1.89 -0.476105807909
1.90 -0.473385022955
1.91 -0.470782344282
1.92 -0.468220633881
1.93 -0.465657571178
1.94 -0.463069695874
1.95 -0.460436869561
1.957 -0.458572400981
1.96 -0.457766170184
1.97 -0.455046309270
1.98 -0.452255449444
1.99 -0.449430919399
2.00 -0.446553399264
2.01 -0.443623014550
2.02 -0.440639822455
2.03 -0.437604139913
2.04 -0.434516555993
2.05 -0.431377651577
2.06 -0.428187909991
2.07 -0.424948604171
2.08 -0.421660478393
2.09 -0.418324590570
2.10 -0.414942053735
2.11 -0.411514127800
2.112 -0.410823217790
2.12 -0.408042138917
2.13 -0.404527485007
2.14 -0.400971663560
2.15 -0.397376206359
2.16 -0.393742767603
2.17 -0.390072986013
2.18 -0.386368559864
2.19 -0.382631201590
2.20 -0.378862671982
2.21 -0.375064669715
2.22 -0.371238977858
2.23 -0.367387285486
2.24 -0.363511306882
2.25 -0.359612722350
2.26 -0.355693175949
2.27 -0.351754295613
2.28 -0.347797625292
2.29 -0.343824709558
2.30 -0.339837109839
2.32 -0.331823124101
2.34 -0.323766427652
2.36 -0.315676753925
2.38 -0.307562601612
2.4 -0.299431026220
2.42 -0.291287665011
2.44 -0.283135705756
2.46 -0.274976174329
2.48 -0.266807557804
2.5 -0.263234894765
2.52 -0.254653182232
2.54 -0.246031621432
2.56 -0.237421907193
2.58 -0.228906531085
2.6 -0.220628072099
2.62 -0.212631625342
2.64 -0.204899116700
2.66 -0.197367141779
2.68 -0.189972436052
2.7 -0.182674621995
2.72 -0.175456216170
2.74 -0.168314878372
2.76 -0.161256409947
2.78 -0.154291006847
2.8 -0.147431363573
2.82 -0.140692325940
2.84 -0.134090214499
2.86 -0.127643454371
2.88 -0.121371738948
2.90 -0.115295707450
2.92 -0.109443820587
2.94 -0.103817938214
2.96 -0.098430342340
2.98 -0.093309476408
3.00 -0.088444455942
3.02 -0.083835842607
3.04 -0.079451531831
3.06 -0.075284047745
3.08 -0.071337250236
3.10 -0.067553482640
3.12 -0.063941787745
3.14 -0.060492415779
3.16 0.057198272439
3.18 0.054054811874
3.20 0.051058842525
3.22 0.048215306919
3.24 0.045507741838
3.26 0.042941646146
3.28 0.040515162422
3.30 0.038225915811
3.35 0.033081921424
3.4 0.028732171725
3.45 0.025078413008
3.5 0.022039372790
