1.12 0.186529979876
1.125 0.173891292717
1.13 0.163285770035
1.135 0.154400387463
1.14 0.146885407922
1.145 0.140723400748
1.15 0.135709971150
1.155 0.131545483912
1.16 0.128303212651
1.165 0.125780651127
1.17 0.123839639312
1.175 0.122529083657
1.18 0.121712566520
1.185 0.121335245961
1.19 0.121348494739
1.195 0.121709995486
1.20 0.122381803860
1.205 0.123329562931
1.21 0.124515528395
1.215 0.125923888214
1.22 0.127516527071
1.225 0.129261427815
1.23 0.131119124686
1.235 0.133031535591
1.24 0.134895447507
1.245 0.136517888687
1.25 0.137811678747
1.255 0.139322414743
1.26 0.141232324212
1.265 0.143485047679
1.27 0.145929838203
1.275 0.148512235467
1.28 0.151201798014
1.285 0.153980071013
1.29 0.156835171973
1.295 0.159759047554
1.30 0.162746120399
1.31 0.072372414907
1.32 0.037770316415
1.33 0.004239318076
1.34 -0.025600373378
1.35 0.050556990716
1.36 -0.070643330082
1.37 0.086445484363
1.38 -0.098661932657
1.39 0.107895622953
1.40 0.114627351272
1.41 0.119043516516
1.42 0.121420521990
1.43 -0.121742249516
1.44 0.119915933531
1.45 0.115717947877
1.46 -0.108772928140
1.47 -0.098519604642
1.48 -0.084164808947
1.49 0.064638466469
1.50 -0.038587910585
1.51 -0.004507886231
1.52 0.038814034728
1.53 -0.091368965391
1.54 0.150781754594
1.55 0.212095458328
1.56 0.269497684755
1.57 0.318824404756
1.58 0.358592474944
1.59 0.389298418210
1.60 -0.412268570494
1.61 -0.428897570406
1.62 0.440327376204
1.63 -0.447368602127
1.64 0.450512139354
1.65 -0.449952274846
1.66 -0.445589584427
1.67 0.437001649247
1.68 -0.423360931779
1.69 0.403301594555
1.70 -0.374741716415
1.71 -0.334786429667
1.72 0.280153846451
1.73 -0.209106736760
1.74 -0.125251732708
1.75 -0.039235424170
1.76 -0.037149491437
1.77 -0.098350080978
1.80 -0.207528045911
1.81 0.228865070591
1.82 0.246191545859
1.83 0.260796891750
1.84 -0.273620133670
1.85 -0.285233872955
1.86 -0.295566070976
1.87 -0.303802193497
1.88 -0.309458410207
1.89 0.312975700332
1.90 0.315007163692
1.91 0.316024666630
1.92 0.316323035812
1.93 0.316087010277
1.94 0.315436311950
1.95 -0.314451897748
1.957 -0.313595266547
1.96 -0.313190445011
1.97 -0.311693423474
1.98 0.310003091583
1.99 -0.308121886497
2.00 0.306085238686
2.01 0.303898861333
2.02 0.301581514225
2.03 -0.299144496583
2.04 -0.296598468393
2.05 0.293952125968
2.06 0.291195257734
2.07 -0.288372314646
2.08 0.285471012560
2.09 -0.282497498146
2.10 0.279457332878
2.11 0.276355773072
2.112 0.275728521444
2.12 -0.273197623797
2.13 0.269987369181
2.14 -0.266729181321
2.15 0.263426943616
2.16 0.260084263527
2.17 -0.256704495079
2.18 0.253290795213
2.19 -0.249846273578
2.20 0.246373134372
2.21 -0.242874137655
2.22 -0.239351591716
2.23 -0.235807513678
2.24 -0.232243801695
2.25 -0.228662130234
2.26 0.225064053521
2.27 0.221450853324
2.28 -0.217823521581
2.29 0.214183006316
2.30 0.210530101990
2.32 -0.203187936947
2.34 0.195797578968
2.36 -0.188354390052
2.38 -0.180848831697
2.4 0.173264499438
2.42 0.165610088139
2.44 0.157793153218
2.46 -0.149791782322
2.48 -0.141540251056
2.5 -0.134214932338
2.52 0.122250086213
2.54 0.109513527656
2.56 0.096263683142
2.58 -0.083151802246
2.6 -0.071106854719
2.62 0.060893901009
2.64 -0.052795193675
2.66 0.046678846515
2.68 0.042214652366
2.7 0.039049816988
2.72 -0.036888193826
2.74 -0.035513979208
2.76 0.034787122316
2.78 -0.034629603810
2.8 0.035010857180
2.82 0.035933443238
2.84 -0.037419550792
2.86 0.039498130296
2.88 -0.042191556834
2.90 0.045503265860
2.92 0.049369951262
2.94 -0.053807246309
2.96 0.058682594933
2.98 -0.063825118218
3.00 -0.069097895842
3.02 0.074290899900
3.04 0.079360474300
3.06 -0.084131719232
3.08 0.088513976439
3.10 0.092446877089
3.12 0.095897495304
3.14 -0.098845819071
3.16 -0.101315934517
3.18 0.103317679537
3.20 -0.104877964816
3.22 0.106029076040
3.24 0.106802344220
3.26 -0.107233316211
3.28 0.107355429019
3.30 0.107200505309
3.35 0.105764291388
3.4 0.103202028937
3.45 0.099802934389
3.5 0.095818874980
