1.12 0.595694169151
1.125 0.558131225851
1.13 0.524817647931
1.135 0.495368381676
1.14 0.469369324008
1.145 0.446414775058
1.15 0.426125066975
1.155 0.408190680536
1.16 0.392235262957
1.165 0.378026310900
1.17 0.365326999950
1.175 0.353928853029
1.18 0.343647572195
1.185 0.334319018974
1.19 0.325794304724
1.195 0.317936007408
1.20 0.310613514710
1.205 0.303697742916
1.21 0.297054340800
1.215 0.290533794526
1.22 0.283955898842
1.225 0.277082536310
1.23 0.269566115132
1.235 0.260846187173
1.24 0.249951051275
1.245 0.235442659444
1.25 0.218306226975
1.255 0.204467345690
1.26 0.194082664829
1.265 0.184968108227
1.27 0.175998801773
1.275 0.166612522456
1.28 0.156471964444
1.285 0.145346939687
1.29 0.133080186994
1.295 0.119588574832
1.30 0.104878270857
1.31 0.168894582389
1.32 0.175257471896
1.33 0.181820681066
1.34 0.188582102737
1.35 0.195553228558
1.36 0.202761541411
1.37 0.210251145400
1.38 0.218083068104
1.39 0.226336118109
1.40 0.235101273112
1.41 0.244520325574
1.42 0.254736167177
1.43 0.265941621153
1.44 0.278380612354
1.45 0.292363341118
1.46 0.308285225532
1.47 0.326647354006
1.48 0.348072543645
1.49 0.373298419100
1.50 0.403105499152
1.51 0.438099069972
1.52 0.478241586112
1.53 0.522157586627
1.54 0.566686420973
1.55 0.607578396864
1.56 0.641384931264
1.57 0.666913985013
1.58 0.685003640403
1.59 0.697367144281
1.60 0.705687298493
1.61 0.711264962053
1.62 0.714998052659
1.63 0.717468201654
1.64 0.719031655994
1.65 0.719881874380
1.66 0.720083876280
1.67 0.719572707756
1.68 0.718118648776
1.69 0.715231175679
1.70 0.709972956056
1.71 0.700656593437
1.72 0.684543834343
1.73 0.658206031862
1.74 0.619841583698
1.75 0.572746224779
1.76 0.524539958250
1.77 0.481607195099
1.80 0.395368957370
1.81 0.377019801276
1.82 0.361724996998
1.83 0.348540651159
1.84 0.336733224120
1.85 0.325810825936
1.86 0.315732337386
1.87 0.307010780080
1.88 0.299975941779
1.89 0.294313211178
1.90 0.289546620128
1.91 0.285327091956
1.92 0.281434688031
1.93 0.277733287674
1.94 0.274137245818
1.95 0.270598869092
1.957 0.268127441145
1.96 0.267068268198
1.97 0.263529486983
1.98 0.259974176131
1.99 0.256380150751
2.00 0.252747858171
2.01 0.249073810636
2.02 0.245356597230
2.03 0.241595866732
2.04 0.237792447149
2.05 0.233947495235
2.06 0.230058035840
2.07 0.226135583069
2.08 0.222177663577
2.09 0.218186651580
2.10 0.214164997611
2.11 0.210115141088
2.112 0.209302001995
2.12 0.206039462885
2.13 0.201940196289
2.14 0.197819440967
2.15 0.193679041760
2.16 0.189520745363
2.17 0.185345879311
2.18 0.181155473127
2.19 0.176950465138
2.20 0.172731160775
2.21 0.168497626205
2.22 0.164249731995
2.23 0.159986652990
2.24 0.155707404528
2.25 0.151410502317
2.26 0.147094267222
2.27 0.142756307211
2.28 0.138393921175
2.29 0.134003923198
2.30 0.129582925197
2.32 0.120628762721
2.34 0.111490204600
2.36 0.102113960018
2.38 0.092433198221
2.4 0.082363846534
2.42 0.071777195402
2.44 0.060589655607
2.46 0.048631856681
2.48 0.035736273769
2.5 0.020663015631
2.52 0.002694068864
2.54 -0.016339226426
2.56 -0.035524236000
2.58 -0.053460810133
2.6 -0.068837637311
2.62 -0.081066680369
2.64 -0.090371416350
2.66 -0.097383404721
2.68 -0.102773517970
2.7 -0.107071796236
2.72 -0.110637327220
2.74 -0.113688512111
2.76 -0.116347669079
2.78 -0.118678692717
2.8 -0.120713846176
2.82 -0.122472651082
2.84 -0.123973233541
2.86 -0.125239140237
2.88 -0.126301286121
2.90 -0.127196690913
2.92 -0.127974943441
2.94 -0.128648018673
2.96 -0.129252711960
2.98 -0.129820252997
3.00 -0.130353130472
3.02 -0.130852894852
3.04 -0.131308976943
3.06 -0.131708957294
3.08 -0.131991373704
3.10 -0.132222697845
3.12 -0.132339728777
3.14 -0.132323161241
3.16 -0.132164892396
3.18 -0.131855722659
3.20 -0.131392667971
3.22 -0.130774413913
3.24 -0.130009521165
3.26 -0.129102794087
3.28 -0.128062836620
3.30 -0.126899447183
3.35 -0.123503494371
3.4 -0.119576369831
3.45 -0.115266142453
3.5 -0.110708850136
