1.12 -2.386464492864
1.125 -2.392734418972
1.13 -2.397747286803
1.135 -2.401600330275
1.14 -2.404176557745
1.145 -2.405980211233
1.15 -2.406849385053
1.155 -2.406844342077
1.16 -2.406020232822
1.165 -2.404427754470
1.17 -2.402113835473
1.175 -2.399122154280
1.18 -2.395515377906
1.185 -2.391294698629
1.19 -2.386510169529
1.195 -2.381195390688
1.20 -2.375382015407
1.205 -2.369099850433
1.21 -2.362377039561
1.215 -2.355240150206
1.22 -2.347714288598
1.225 -2.339823288388
1.23 -2.331589742151
1.235 -2.323035233264
1.24 -2.314180432196
1.245 -2.305007243615
1.25 -2.295576447451
1.255 -2.285908414727
1.26 -2.276023125510
1.265 -2.265942258903
1.27 -2.255690295021
1.275 -2.245296029479
1.28 -2.234791479123
1.285 -2.224177657485
1.29 -2.213546654370
1.295 -2.202866660541
1.30 -2.192098608237
1.31 -2.170067913752
1.32 -2.147225093380
1.33 -2.123648108474
1.34 -2.099458644154
1.35 -2.074743851757
1.36 -2.049561401594
1.37 -2.023950105037
1.38 -1.997936708108
1.39 -1.971540242161
1.40 -1.944773683334
1.41 -1.917646712543
1.42 -1.890166016106
1.43 -1.862337270505
1.44 -1.834164550291
1.45 -1.805651790500
1.46 -1.776803065456
1.47 -1.747611308332
1.48 -1.718095035801
1.49 -1.688261959042
1.50 -1.658120506357
1.51 -1.627680974582
1.52 -1.596955549051
1.53 -1.565958509929
1.54 -1.534776761051
1.55 -1.503288979896
1.56 -1.471584767171
1.57 -1.439686658266
1.58 -1.407618905520
1.59 -1.375407802593
1.60 -1.343080779060
1.61 -1.310666692199
1.62 -1.278195780590
1.63 -1.245701897309
1.64 -1.213212884506
1.65 -1.180760648762
1.66 -1.148377412969
1.67 -1.116095742649
1.68 -1.083948361442
1.69 -1.051965378141
1.70 -1.020174793687
1.71 -0.988609273663
1.72 -0.957300042698
1.73 -0.926276275493
1.74 -0.895566248248
1.75 -0.865197287562
1.76 -0.835196355427
1.77 -0.805589028094
1.80 -0.719373192979
1.81 -0.691579561194
1.82 -0.664293274292
1.83 -0.637532646635
1.84 -0.611313295493
1.85 -0.585646777038
1.86 -0.560538625745
1.87 -0.535984378316
1.88 -0.511962173230
1.89 -0.488417482308
1.90 -0.465226622314
1.91 -0.442091010629
1.92 -0.418096607330
1.93 -0.383446170516
1.94 -0.229616883343
1.95 -0.199762466554
1.957 -0.181390431308
1.96 -0.173998910982
1.97 -0.151084536971
1.98 -0.130417174485
1.99 -0.111654244939
2.00 -0.094572284594
2.01 -0.079020834141
2.02 -0.064886413447
2.03 -0.052060536955
2.04 -0.040528890806
2.05 -0.030153463596
2.06 -0.020896689517
2.07 -0.012698364225
2.08 -0.005499873589
2.09 0.000756059040
2.10 0.006127108750
2.11 0.010669383290
2.112 0.011483296585
2.12 0.014438640061
2.13 0.017491161309
2.14 0.019878326441
2.15 0.021654131110
2.16 0.022869034968
2.17 0.023573945458
2.18 0.023816296543
2.19 0.023641915851
2.20 0.023094667133
2.21 0.022215812322
2.22 0.021046081651
2.23 0.019622490434
2.24 0.017980455749
2.25 0.016153305850
2.26 0.014172300735
2.27 0.012066898221
2.28 0.009864602141
2.29 0.007591194841
2.30 0.005270795330
2.32 0.000578367881
2.34 -0.004047576626
2.36 -0.008460443097
2.38 -0.012528340124
2.4 -0.016130097538
2.42 -0.019154987290
2.44 -0.021496838265
2.46 -0.023054421484
2.48 -0.023732391601
2.5 -0.023440863318
2.52 -0.022100159066
2.54 -0.019646380226
2.56 -0.016167501158
2.58 -0.011408488803
2.6 -0.005518840313
2.62 0.001419445890
2.64 0.009270495161
2.66 0.017845014914
2.68 0.027031202457
2.7 0.036319519358
2.72 0.045535785919
2.74 0.054393713224
2.76 0.062617587257
2.78 0.069970606393
2.8 0.076274120774
2.82 0.081393336241
2.84 0.085256298406
2.86 0.087852054319
2.88 0.089215788953
2.90 0.089431151240
2.92 0.088678018208
2.94 0.086973743176
2.96 0.084526798097
2.98 0.081253109772
3.00 0.077810160880
3.02 0.074080187432
3.04 0.070188633645
3.06 0.066243561503
3.08 0.062333952368
3.10 0.058664149786
3.12 0.054767211796
3.14 0.051345906647
3.16 0.048146389246
3.18 0.045181368514
3.20 0.042455856367
3.22 0.039969033343
3.24 0.037713727634
3.26 0.035699179574
3.28 0.033869191023
3.30 0.032238776677
3.35 0.028913302299
3.4 0.026540371800
3.45 0.024871374963
3.5 0.023734246795
