1.12 -0.000001843042
1.125 -0.000003440711
1.13 -0.000002516392
1.135 -0.000001789596
1.14 0.000001435277
1.145 0.000001094046
1.15 0.000001343724
1.155 0.000001028126
1.16 0.000001987706
1.165 0.000001618207
1.17 0.000001334212
1.175 0.000001475219
1.18 0.000001320454
1.185 0.000001211836
1.19 0.000001143821
1.195 0.000001085348
1.20 0.000001026734
1.205 0.000000965124
1.21 0.000000890540
1.215 0.000001394225
1.22 0.000001218075
1.225 0.000001061743
1.23 0.000000935319
1.235 0.000000816934
1.24 0.000000718483
1.245 0.000000662380
1.25 0.000000632691
1.255 0.000000642354
1.26 0.000000738101
1.265 0.000000967205
1.27 0.000001326359
1.275 0.000001870190
1.28 0.000002901230
1.285 0.000003796357
1.29 0.000004320576
1.295 0.000003757308
1.30 0.000003196691
1.31 0.000001458995
1.32 -0.000000170548
1.33 -0.000000660296
1.34 0.000001204909
1.35 0.000001586212
1.36 -0.000000744190
1.37 0.000000704251
1.38 0.000000739704
1.39 0.000000786354
1.40 0.000000833720
1.41 0.000000888145
1.42 -0.000000944886
1.43 -0.000001007706
1.44 -0.000001072583
1.45 0.000001134138
1.46 0.000001198642
1.47 0.000001263244
1.48 -0.000001319906
1.49 0.000001386511
1.50 0.000001455050
1.51 0.000001524074
1.52 -0.000001595099
1.53 0.000001666304
1.54 0.000001738679
1.55 0.000001810567
1.56 -0.000001882019
1.57 -0.000001952262
1.58 -0.000001940623
1.59 0.000002009065
1.60 -0.000002075475
1.61 -0.000002139420
1.62 0.000002199785
1.63 0.000003291564
1.64 -0.000003154922
1.65 -0.000003016695
1.66 0.000002873713
1.67 -0.000002723382
1.68 0.000002579584
1.69 0.000002501412
1.70 -0.000002434669
1.71 0.000002333006
1.72 0.000002206982
1.73 -0.000002069858
1.74 0.000001926726
1.75 0.000001780494
1.76 -0.000001626252
1.77 0.000001470591
1.80 -0.000001400852
1.81 -0.000001280908
1.82 0.000001167101
1.83 0.000001049144
1.84 -0.000000954647
1.85 -0.000000921589
1.86 0.000000703952
1.87 -0.000001029877
1.88 -0.000000912092
1.89 0.000000787383
1.90 -0.000000658941
1.91 -0.000000527007
1.92 0.000000629001
1.93 0.000000654109
1.94 0.000002263695
1.95 -0.000002336475
1.957 0.000002091635
1.96 -0.000002135785
1.97 0.000002245979
1.98 0.000002529793
1.99 -0.000002678423
2.00 -0.000002832887
2.01 -0.000002998012
2.02 -0.000003179719
2.03 -0.000003384621
2.04 0.000003619527
2.05 -0.000000565135
2.06 -0.000000553422
2.07 -0.000000532578
2.08 0.000000476187
2.09 -0.000000337574
2.10 0.000000122535
2.11 0.000000297245
2.112 -0.000001887244
2.12 0.000001850168
2.13 -0.000001830241
2.14 -0.000001829442
2.15 0.000001840873
2.16 0.000001904235
2.17 0.000001466276
2.18 0.000001467245
2.19 0.000001473109
2.20 0.000001476010
2.21 0.000001471503
2.22 0.000001459931
2.23 -0.000001442504
2.24 0.000001418764
2.25 0.000001390197
2.26 -0.000001356439
2.27 -0.000001318785
2.28 -0.000001277097
2.29 0.000001224296
2.30 0.000001167761
2.32 -0.000001046482
2.34 0.000000917023
2.36 -0.000000963623
2.38 0.000001049733
2.4 -0.000001109484
2.42 -0.000001301922
2.44 0.000001441393
2.46 -0.000001518631
2.48 -0.000001673537
2.5 -0.000001733078
2.52 -0.000001928255
2.54 0.000002052659
2.56 -0.000002129046
2.58 -0.000002183165
2.6 -0.000002123178
2.62 0.000002078511
2.64 0.000002130896
2.66 -0.000001932986
2.68 -0.000001710872
2.7 -0.000001475373
2.72 -0.000001182690
2.74 0.000000863031
2.76 -0.000000541651
2.78 -0.000000219111
2.8 -0.000000064812
2.82 0.000000319048
2.84 0.000000551653
2.86 -0.000000709059
2.88 -0.000000838107
2.90 -0.000000897789
2.92 0.000000905902
2.94 -0.000000904989
2.96 -0.000000881099
2.98 -0.000000792764
3.00 0.000000743683
3.02 -0.000000617709
3.04 -0.000000637545
3.06 0.000000368150
3.08 -0.000000261305
3.10 0.000000143791
3.12 0.000000280278
3.14 -0.000000788747
3.16 -0.000000767722
3.18 0.000000834760
3.20 -0.000000852579
3.22 -0.000000855579
3.24 -0.000000873556
3.26 -0.000000919118
3.28 -0.000001032953
3.30 -0.000001204791
3.35 -0.000001818153
3.4 -0.000002544906
3.45 -0.000003248991
3.5 -0.000003775752
