1.12 0.259562541724
1.125 0.204267881678
1.13 0.144979502299
1.135 0.081795103127
1.14 0.013466325774
1.145 -0.059931310141
1.15 -0.138721134717
1.155 -0.223161898987
1.16 -0.313403300277
1.165 -0.409427045883
1.17 -0.510976953527
1.175 -0.617479589541
1.18 -0.727959931897
1.185 -0.840959524198
1.19 -0.954424067769
1.195 -1.065766003472
1.20 -1.169630980877
1.205 -1.254307960130
1.21 -1.303326629750
1.215 -1.373255636952
1.22 -1.449904382666
1.225 -1.615943020134
1.23 -1.675152596550
1.235 -1.723380656221
1.24 -1.759424591416
1.245 -1.777484744827
1.25 -1.823038758795
1.255 -1.847152476282
1.26 -1.858019942687
1.265 -1.859220156527
1.27 -1.852402598200
1.275 -1.838655322191
1.28 -1.818832703796
1.285 -1.793659087112
1.29 -1.763836461266
1.295 -1.729824447288
1.30 -1.692599345856
1.31 -1.610386681235
1.32 -1.522084944692
1.33 -1.432029245374
1.34 -1.343645211659
1.35 -1.259332415802
1.36 -1.180543081984
1.37 -1.070038167308
1.38 -1.007337824531
1.39 -0.951121911876
1.40 -0.900596569627
1.41 -0.855207200650
1.42 -0.814402148138
1.43 -0.777659302297
1.44 -0.744505239872
1.45 -0.714514975625
1.46 -0.687311926105
1.47 -0.662565592776
1.48 -0.639987485151
1.49 -0.619327484033
1.50 -0.600367810417
1.51 -0.582919017506
1.52 -0.566814122640
1.53 -0.551909418138
1.54 -0.538078148397
1.55 -0.525206357581
1.56 -0.513197342264
1.57 -0.501965346470
1.58 -0.491432798669
1.59 -0.481530318874
1.60 -0.472195826439
1.61 -0.463373331603
1.62 -0.455012453347
1.63 -0.447067113907
1.64 -0.439496941581
1.65 -0.432263988584
1.66 -0.425334223263
1.67 -0.418676724692
1.68 -0.412263424104
1.69 -0.406068844371
1.70 -0.400069750412
1.71 -0.394245742669
1.72 -0.388577944577
1.73 -0.383049369381
1.74 -0.377644965025
1.75 -0.372352039639
1.76 -0.367156977575
1.77 -0.362049192131
1.80 -0.347149937140
1.81 -0.342287228690
1.82 -0.337450794252
1.83 -0.332614868735
1.84 -0.327738058020
1.85 -0.322749782999
1.86 -0.317523946328
1.87 -0.311817121390
1.88 -0.305114651819
1.89 -0.296130020791
1.90 -0.280279741456
1.91 -0.207650292887
1.92 -0.144193210858
1.93 -0.189699592992
1.94 -0.175282723965
1.95 -0.161336353412
1.957 -0.151891079848
1.96 -0.147929418721
1.97 -0.135122977052
1.98 -0.122970803781
1.99 -0.111520143822
2.00 -0.100811242992
2.01 -0.090880432012
2.02 -0.081756020733
2.03 -0.073460603929
2.04 -0.066010479204
2.05 -0.059415346133
2.06 -0.053678044094
2.07 -0.082149078967
2.08 -0.078053088516
2.09 -0.074624179503
2.10 -0.071853355620
2.11 -0.069720729887
2.112 -0.069368426521
2.12 -0.068197498128
2.13 -0.067246268888
2.14 -0.066822822178
2.15 -0.066877219548
2.16 -0.067354652199
2.17 -0.068198006397
2.18 -0.069347237343
2.19 -0.070741923758
2.20 -0.072322163594
2.21 -0.074029744086
2.22 -0.075809143143
2.23 -0.077608407738
2.24 -0.079379804640
2.25 -0.081080294488
2.26 -0.082671812320
2.27 -0.084121329451
2.28 -0.085400728456
2.29 -0.086486604426
2.30 -0.087359929895
2.32 -0.088411388492
2.34 -0.088471097688
2.36 -0.087493057610
2.38 -0.085455076489
2.4 -0.082346528486
2.42 -0.078160123669
2.44 -0.072890608960
2.46 -0.066533716392
2.48 -0.059086841658
2.5 -0.050554021579
2.52 -0.040954980355
2.54 -0.030333877131
2.56 -0.018764518207
2.58 -0.006479157973
2.6 0.006646255029
2.62 0.020310163218
2.64 0.034312995878
2.66 0.048410154440
2.68 0.062308701075
2.7 0.075679501734
2.72 0.088180022789
2.74 0.099481266891
2.76 0.109294673745
2.78 0.117395920370
2.8 0.123633642672
2.82 0.127947045148
2.84 0.130356476245
2.86 0.130956033513
2.88 0.129903094789
2.90 0.127396021602
2.92 0.123661431893
2.94 0.118937687938
2.96 0.113460491607
2.98 0.107456776936
3.00 0.101130104671
3.02 0.094661394482
3.04 0.088349505029
3.06 0.082003601709
3.08 0.075628467728
3.10 0.069849816836
3.12 0.064416633877
3.14 0.059356779384
3.16 0.054683388447
3.18 0.050396406369
3.20 0.046486752804
3.22 0.042939039810
3.24 0.039763778652
3.26 0.036868405147
3.28 0.034270677857
3.30 0.031946138452
3.35 0.027173740690
3.4 0.023613740096
3.45 0.020959823014
3.5 0.019019636090
