0.000000713732
0.000000700492
-0.000000671585
0.000000642446
-0.000000612382
0.000000578968
-0.000000543401
0.000000506681
-0.000000466566
-0.000000428254
0.000000463221
-0.000000443783
0.000000422513
0.000000395798
-0.000000366034
-0.000000330234
-0.000000300310
-0.000000259184
0.000000064561
0.000000029148
0.000000068549
-0.000000093514
-0.000000119203
-0.000000076309
-0.000000312722
-0.000000202234
0.000000050613
-0.000000085639
-0.000000270880
-0.000000496596
-0.000000684475
-0.000001103166
-0.000001461818
-0.000001752263
-0.000001969721
-0.000002130018
-0.000002189592
0.000002817187
0.000002581808
0.000002199946
0.000001686489
0.000001145765
-0.000001257584
0.000000796526
-0.000000305466
-0.000000823457
-0.000001285093
0.000001674651
0.000002027220
-0.000002339222
0.000002607084
0.000002845437
0.000003049932
0.000003234921
-0.000003419232
-0.000003589688
0.000006868660
0.000006722534
0.000006430485
0.748323511835
0.718745483849
0.687979102422
0.655857550557
0.622192189890
0.586767046572
0.548461120046
0.508598780942
0.466096251022
0.420567756207
0.371567482952
0.318581047826
0.259850377621
0.196713337493
0.127477374045
0.051264958577
-0.032888649489
-0.126012420523
-0.229572435366
-0.343834298124
-0.469990154801
-0.608544459844
-0.759439486465
-0.921804557575
-1.453714469715
-1.632273108982
-1.803449234528
-1.962667756682
-2.106205724738
-2.231303507708
-2.335208499376
-2.418009635490
-2.476644987468
2.506467541393
2.493096164496
2.356149909302
2.363974903352
2.551350860480
2.568960043232
2.583391784606
2.591827225854
2.595058080471
2.604297309495
2.611393648876
2.616584018380
2.620074780143
2.622043703792
2.622645687754
2.622017162869
2.620278940974
2.617539259756
2.613895014009
2.615117542866
2.609915472379
2.604018175661
2.597504765060
2.590445468741
2.588973503616
2.582900865444
2.574925787242
2.566568719755
2.557872541344
2.548876848306
2.539615834400
2.530120541646
2.520418820222
2.510535936518
2.500494426996
2.490314621530
2.480014836945
2.469611565873
2.459119881142
2.448553195728
2.437923381772
2.427242379980
2.416519869796
2.405764984477
2.384189705068
2.362574796251
2.340965702541
2.319398707335
2.297900429066
2.276492279810
2.255185660742
2.233985692507
-2.212890318820
-2.191892372297
-2.170978379086
-2.150125330794
-2.129302389428
-2.108471569637
-2.087583869873
-2.066579896162
-2.045388934414
-2.023929217362
-2.002108890970
-1.979827019791
-1.956977746664
1.933455455309
1.909157427126
1.883994359462
1.857894495841
1.830812088433
1.802728957394
1.773666187172
1.743676241711
1.712846967880
1.681295169791
1.649162602649
1.616604895326
1.583785105182
1.550864749564
1.517997657094
1.485323071017
1.452962836976
1.421018565363
1.389571865047
1.358684457205
1.328399219609
1.298743231854
1.269730369901
1.241167530083
1.213457640529
1.186365701836
1.159870890543
1.133948591381
1.108571657479
1.047335106002
0.988922262219
0.932564627092
0.878904691388
