1.12 -0.759895517402
1.125 -0.583614524687
1.13 -0.500852687971
1.135 -0.458186043417
1.14 -0.435271570829
1.145 -0.422334421555
1.15 -0.417034510254
1.155 -0.415437846977
1.16 -0.417720954258
1.165 -0.422159227317
1.17 -0.428168259229
1.175 -0.435981602681
1.18 -0.445597005452
1.185 -0.456425662542
1.19 -0.468667960290
1.195 -0.482209653231
1.20 -0.497084820580
1.205 -0.513555478975
1.21 -0.531766509870
1.215 -0.551839336546
1.22 -0.574238483006
1.225 -0.599157797284
1.23 -0.561603618414
1.235 0.562058372062
1.24 0.559752560522
1.245 0.560793862276
1.25 -0.561785930310
1.255 -0.562760887231
1.26 0.563737664379
1.265 -0.564731935900
1.27 0.565745968841
1.275 0.566779137429
1.28 0.567828363743
1.285 -0.568888566721
1.29 -0.569954319086
1.295 0.571020174858
1.30 0.572081047041
1.31 0.574168463498
1.32 0.576181446051
1.33 -0.578089825916
1.34 0.579871195731
1.35 0.581501167086
1.36 -0.582981337128
1.37 0.584297892440
1.38 0.585447489578
1.39 -0.586427367332
1.40 -0.587242562002
1.41 0.587893671090
1.42 -0.588384099632
1.43 0.588717699714
1.44 -0.588898843045
1.45 0.588932088122
1.46 0.588822147358
1.47 -0.588573865564
1.48 0.588192015066
1.49 -0.587681349376
1.50 -0.587046679619
1.51 0.586292665573
1.52 0.585423930153
1.53 -0.399863215641
1.54 -0.403949910352
1.55 -0.407805404043
1.56 -0.411445149270
1.57 -0.414883301006
1.58 -0.418172266330
1.59 -0.421244394177
1.60 -0.424150191075
1.61 -0.426899531557
1.62 -0.429501573709
1.63 -0.431964872579
1.64 -0.434297357007
1.65 -0.436471275758
1.66 -0.438566634710
1.67 -0.440553347152
1.68 -0.442438418675
1.69 -0.444228810865
1.70 -0.445931572162
1.71 -0.447553925381
1.72 -0.449103390508
1.73 -0.450587820867
1.74 -0.452015706786
1.75 -0.453395793479
1.76 -0.454737173503
1.77 -0.456048185627
1.80 -0.459781912970
1.81 -0.460834082454
1.82 -0.461523847391
1.83 -0.461582563578
1.84 -0.460954590824
1.85 -0.459824789304
1.86 -0.458386419180
1.87 -0.456756642234
1.88 -0.454997138771
1.89 -0.453139710257
1.90 -0.451202799734
1.91 -0.449195667805
1.92 -0.447124077363
1.93 -0.444991596760
1.94 -0.442800550549
1.95 -0.440552799917
1.957 -0.438946374555
1.96 -0.438249717791
1.97 -0.435892591421
1.98 -0.433482655934
1.99 -0.431021096208
2.00 -0.428509108321
2.01 -0.425947968959
2.02 -0.423339065459
2.03 -0.420683762777
2.04 -0.418003659088
2.05 -0.415259687208
2.06 -0.412473687777
2.07 -0.409647327903
2.08 -0.406782848701
2.09 -0.403880203097
2.10 -0.400941644494
2.11 -0.397968703222
2.112 -0.397370127781
2.12 -0.394962886282
2.13 -0.391925608456
2.14 -0.388848263247
2.15 -0.385751912399
2.16 -0.382628084306
2.17 -0.379478147329
2.18 -0.376303104015
2.19 -0.373104282323
2.20 -0.369882861056
2.21 -0.366619801255
2.22 -0.363356766253
2.23 -0.360074564502
2.24 -0.356774495191
2.25 -0.353457870835
2.26 -0.350125927744
2.27 -0.346780003954
2.28 -0.343421533896
2.29 -0.340051972989
2.30 -0.336672834059
2.32 -0.329892032844
2.34 -0.323091949813
2.36 -0.316285790347
2.38 -0.309486768228
2.4 -0.302707815155
2.42 -0.295961137240
2.44 -0.289257744777
2.46 -0.282607260206
2.48 -0.277221410276
2.5 -0.270465266488
2.52 -0.263800213819
2.54 -0.257219392743
2.56 -0.250720965354
2.58 -0.244290852296
2.6 -0.237904016781
2.62 -0.231534321791
2.64 -0.225167088343
2.66 -0.218803941344
2.68 -0.212457803833
2.7 -0.206143264731
2.72 -0.199870492133
2.74 -0.193644068479
2.76 -0.187463107087
2.78 -0.181323626225
2.8 -0.175219904759
2.82 -0.169146336089
2.84 -0.163098052949
2.86 -0.157072236802
2.88 -0.151068309184
2.90 -0.164516391740
2.92 -0.158857260049
2.94 -0.153299266334
2.96 0.147847532608
2.98 0.142505995763
3.00 -0.137281102220
3.02 -0.132178108542
3.04 -0.127207189448
3.06 -0.122384119193
3.08 0.117693504044
3.10 0.113152466463
3.12 -0.108765813578
3.14 0.104537311304
3.16 -0.100469610958
3.18 0.096564541991
3.20 0.092822631613
3.22 -0.089258811061
3.24 -0.085841583455
3.26 0.082584026951
3.28 -0.079483504645
3.30 -0.076536804404
3.35 -0.069817232019
3.4 -0.063968187379
3.45 -0.058915869385
3.5 0.054581943266
