1.12 1.048014131618
1.125 1.045927114486
1.13 1.043583749340
1.135 1.040989399792
1.14 1.038232367327
1.145 1.035148751418
1.15 1.031801437093
1.155 1.028159331835
1.16 1.024220207180
1.165 1.019952297983
1.17 1.015387471700
1.175 1.010491100086
1.18 1.004998044919
1.185 0.999008400432
1.19 0.992562522814
1.195 0.985468162373
1.20 0.977366857199
1.205 0.968390681337
1.21 0.958266568523
1.215 0.946609234045
1.22 0.933275839459
1.225 0.917637052426
1.23 0.828465135550
1.235 0.777917416986
1.24 0.663010610287
1.245 0.575797982656
1.25 0.482054599381
1.255 0.387904079976
1.26 0.299503140190
1.265 0.220504127033
1.27 0.152125918814
1.275 0.093864482606
1.28 0.044461688254
1.285 0.002488735426
1.29 -0.033378061093
1.295 -0.064263414346
1.30 -0.091084940715
1.31 -0.135327663150
1.32 -0.170363690710
1.33 -0.198670013166
1.34 -0.222538778675
1.35 -0.242860763692
1.36 -0.260454968451
1.37 -0.275904242220
1.38 -0.289536486913
1.39 -0.301858931884
1.40 -0.312998943479
1.41 -0.323140040490
1.42 -0.332424970299
1.43 -0.340967676548
1.44 -0.348860218612
1.45 -0.356178140038
1.46 -0.362984010015
1.47 -0.369330403927
1.48 -0.375261837584
1.49 -0.380816360045
1.50 -0.386026855858
1.51 -0.390921830071
1.52 -0.395526151051
1.53 0.584443910860
1.54 -0.583359030670
1.55 0.582172077051
1.56 0.580887207838
1.57 -0.579508381982
1.58 -0.577999379206
1.59 -0.576442375977
1.60 -0.574802633400
1.61 -0.573083670768
1.62 -0.571288946266
1.63 -0.569421851548
1.64 -0.567485767964
1.65 -0.565483697547
1.66 -0.563419898084
1.67 0.561297536308
1.68 0.559120387524
1.69 0.556892555388
1.70 -0.554618623409
1.71 0.552303868220
1.72 0.549954560661
1.73 0.547578561992
1.74 -0.545185712312
1.75 0.542789124584
1.76 0.540406816084
1.77 -0.538064371943
1.80 -0.531778853679
1.81 0.530212190825
1.82 0.529086276134
1.83 0.528288432143
1.84 -0.527481520822
1.85 -0.526419273350
1.86 0.525047844302
1.87 0.523395177850
1.88 -0.521503488054
1.89 0.519409599158
1.90 -0.517143657377
1.91 -0.514728437215
1.92 0.512181966285
1.93 -0.509518602830
1.94 -0.506750010716
1.95 -0.503885608782
1.957 -0.501827871730
1.96 0.500933419977
1.97 -0.497900198482
1.98 0.494791763923
1.99 0.491613186513
2.00 -0.488368980327
2.01 -0.485063186486
2.02 0.481699479046
2.03 0.478281247897
2.04 0.474810676652
2.05 0.471292637161
2.06 0.467729971686
2.07 -0.464123365879
2.08 -0.460477161987
2.09 -0.456792269656
2.10 0.453072061692
2.11 0.449318431780
2.112 0.448563915224
2.12 0.445533805606
2.13 -0.441720368469
2.14 0.437888579269
2.15 0.434024513911
2.16 0.430137784538
2.17 0.426230541209
2.18 -0.422304199956
2.19 0.418360798543
2.20 0.414402124546
2.21 0.410434075118
2.22 0.406449197081
2.23 0.402454218290
2.24 0.398450886553
2.25 0.394440883312
2.26 -0.390425886155
2.27 -0.386407580814
2.28 0.382387615700
2.29 -0.378367634555
2.30 -0.374349284776
2.32 0.366324023580
2.34 0.358324674382
2.36 0.350363828241
2.38 -0.342453645291
2.4 -0.334605587345
2.42 -0.326830265619
2.44 -0.319137094603
2.46 -0.311534171243
2.48 0.305135511406
2.5 -0.297561126954
2.52 -0.290080192108
2.54 -0.282715168676
2.56 0.275464435386
2.58 0.268314474997
2.6 0.261241489736
2.62 0.254221551621
2.64 0.247243208426
2.66 0.240311962746
2.68 -0.233444520905
2.7 -0.226659348804
2.72 0.219970968404
2.74 -0.213387732231
2.76 0.206913291826
2.78 0.200547795175
2.8 0.194289292140
2.82 0.188135436787
2.84 0.182083138351
2.86 -0.176130062326
2.88 0.170274879812
2.90 -0.145089748179
2.92 -0.139140228845
2.94 -0.133228842726
2.96 -0.127365814896
2.98 -0.121568694864
3.00 -0.115843091844
3.02 -0.110234706095
3.04 -0.104702428087
3.06 -0.099280501453
3.08 -0.094001566049
3.10 -0.088867834731
3.12 -0.083889772890
3.14 -0.079076024025
3.16 -0.074433554770
3.18 -0.069967127928
3.20 -0.065680124043
3.22 -0.061599698196
3.24 -0.057673456199
3.26 -0.053927889385
3.28 -0.050361041397
3.30 -0.046970022454
3.35 -0.039237056292
3.4 -0.032508702155
3.45 -0.026700848977
3.5 -0.021724573610
