1.12 -1.184635100229
1.125 -1.180882538584
1.13 -1.176401690238
1.135 -1.171128167470
1.14 -1.164851504168
1.145 -1.157370483494
1.15 -1.148444583777
1.155 -1.137813422302
1.16 -1.125205376143
1.165 -1.110354643272
1.17 -1.093064799203
1.175 -1.073005564655
1.18 -1.050243135129
1.185 -1.024956345355
1.19 -0.997264841923
1.195 -0.967643807579
1.20 -0.936575404268
1.205 -0.904966153976
1.21 -0.873310456244
1.215 -0.842246944759
1.22 -0.812223724891
1.225 -0.783542654058
1.23 -0.741245249504
1.235 -0.710956080208
1.24 -0.787282848813
1.245 -0.750414107934
1.25 -0.711526659245
1.255 -0.674650383096
1.26 -0.642282957921
1.265 -0.616071595265
1.27 -0.596263435520
1.275 -0.582435627861
1.28 -0.573789994612
1.285 -0.569421230060
1.29 -0.568464364343
1.295 -0.570152485469
1.30 -0.573830840039
1.31 -0.585071207478
1.32 -0.598907689627
1.33 -0.613373600249
1.34 -0.626972337067
1.35 -0.639157984803
1.36 -0.649669189517
1.37 -0.658491278372
1.38 -0.665923090207
1.39 -0.671804293738
1.40 -0.676438693323
1.41 -0.680050108136
1.42 -0.682807818867
1.43 -0.684858890615
1.44 -0.686327264350
1.45 -0.687315380164
1.46 -0.687906238284
1.47 -0.688166749796
1.48 -0.688149206461
1.49 -0.687894018846
1.50 -0.687431652743
1.51 -0.686783853543
1.52 -0.685965346383
1.53 -0.862468798716
1.54 0.863330721254
1.55 -0.864083661867
1.56 -0.864729133898
1.57 0.865264943228
1.58 0.866168357132
1.59 0.866453558399
1.60 0.866600739617
1.61 0.866593266650
1.62 0.866410880692
1.63 0.866029414244
1.64 0.865420353770
1.65 0.864547177194
1.66 0.863376599829
1.67 -0.861859251328
1.68 -0.859940166176
1.69 -0.857553635766
1.70 0.854620291114
1.71 -0.851043078979
1.72 -0.846701568339
1.73 -0.841443925848
1.74 0.835074923729
1.75 -0.827338143464
1.76 -0.817888363862
1.77 0.806249462927
1.80 0.749792368252
1.81 -0.719632875257
1.82 -0.682438072817
1.83 -0.641686976658
1.84 0.603405998286
1.85 0.570688853166
1.86 -0.543361616567
1.87 -0.520295745897
1.88 0.500437226163
1.89 -0.482982325529
1.90 0.467345370975
1.91 0.453094151830
1.92 -0.439907632565
1.93 0.427542723003
1.94 0.415812762518
1.95 0.404572684447
1.957 0.396934287305
1.96 -0.393708973706
1.97 0.383132384988
1.98 -0.372772764893
1.99 -0.362575254008
2.00 0.352497453928
2.01 0.342507114232
2.02 -0.332580412734
2.03 -0.322700618446
2.04 -0.312858738513
2.05 -0.303044693733
2.06 -0.293258822675
2.07 0.283499843885
2.08 0.273772204433
2.09 0.264078871563
2.10 -0.254426733983
2.11 -0.244820609089
2.112 -0.242905496122
2.12 -0.235267106703
2.13 0.225772260038
2.14 -0.216301917601
2.15 -0.206938420008
2.16 -0.197648641340
2.17 -0.188436299942
2.18 0.179306188242
2.19 -0.170261566817
2.20 -0.161306282649
2.21 -0.152453181457
2.22 -0.143687940281
2.23 -0.135025230194
2.24 -0.126470720011
2.25 -0.118030698167
2.26 0.109710127511
2.27 0.101517004410
2.28 -0.093457323473
2.29 0.085537525649
2.30 0.077763598472
2.32 -0.062674680290
2.34 -0.048225378572
2.36 -0.034436225705
2.38 0.021312374763
2.4 0.008845077162
2.42 -0.002985326512
2.44 -0.014205762183
2.46 -0.024845307584
2.48 0.028692905509
2.5 -0.038852606692
2.52 -0.048487193855
2.54 -0.057499241521
2.56 0.065930976201
2.58 0.073817829746
2.6 0.081191256421
2.62 0.088078204582
2.64 0.094502732325
2.66 0.100485845804
2.68 -0.106045161997
2.7 -0.111196363817
2.72 0.115952472635
2.74 -0.120326550969
2.76 0.124331972265
2.78 0.127982361948
2.8 0.131291229224
2.82 0.134271403120
2.84 0.136934999881
2.86 -0.139294076450
2.88 0.141359017590
2.90 0.152305384825
2.92 0.154632789984
2.94 0.156668698083
2.96 0.158398778359
2.98 0.159763398526
3.00 0.160865644512
3.02 0.161670675378
3.04 0.162161389613
3.06 0.162329020598
3.08 0.162258655710
3.10 0.161932557111
3.12 0.161368707253
3.14 0.160585539023
3.16 0.159601070714
3.18 0.158433072359
3.20 0.157098706991
3.22 0.155642729176
3.24 0.154022453791
3.26 0.152281658295
3.28 0.150433649118
3.30 0.148490838742
3.35 0.143230158044
3.4 0.137667676715
3.45 0.131867641123
3.5 0.125935432680
