1.12 0.014493204099
1.125 0.037215853377
1.13 0.049621343829
1.135 0.057510150199
1.14 0.063450289328
1.145 0.068934238956
1.15 0.073341895920
1.155 0.077360109188
1.16 0.080911837963
1.165 0.084247058957
1.17 0.087372099696
1.175 0.090476139505
1.18 0.093088726237
1.185 0.095238323744
1.19 0.097102069436
1.195 0.098614175899
1.20 0.099957862822
1.205 0.101357169385
1.21 0.102808472550
1.215 0.104504747561
1.22 0.106667627059
1.225 0.109524301520
1.23 0.251959464398
1.235 -0.268616039003
1.24 -0.355613356263
1.245 -0.378095698105
1.25 0.399372333232
1.255 0.420633575928
1.26 -0.442074239905
1.265 0.463786360431
1.27 -0.485664564780
1.275 -0.507602941740
1.28 -0.529471541518
1.285 0.551126545302
1.29 0.572419291412
1.295 -0.593203904006
1.30 -0.613342822696
1.31 -0.651213769774
1.32 -0.685294552894
1.33 0.715202615297
1.34 -0.740893683929
1.35 -0.762582657478
1.36 0.780652461046
1.37 -0.795563289331
1.38 -0.807789783917
1.39 0.817818532945
1.40 0.825968844907
1.41 -0.832626283066
1.42 0.838078813648
1.43 -0.842564555756
1.44 0.846276702757
1.45 -0.849371048042
1.46 -0.851972166352
1.47 0.854178832829
1.48 -0.856069066821
1.49 0.857703795738
1.50 0.859129969218
1.51 -0.860383120522
1.52 -0.861489304051
1.53 -0.684982264386
1.54 -0.683840767303
1.55 -0.682536976146
1.56 -0.681064692320
1.57 -0.679413465271
1.58 -0.677583896124
1.59 -0.675531131001
1.60 -0.673243544291
1.61 -0.670693894347
1.62 -0.667850066541
1.63 -0.664674398671
1.64 -0.661122548549
1.65 -0.657512759473
1.66 -0.653035150525
1.67 -0.647997201309
1.68 -0.642312870357
1.69 -0.635878470779
1.70 -0.628567609115
1.71 -0.620224186201
1.72 -0.610652491179
1.73 -0.599602710957
1.74 -0.586750166149
1.75 -0.571662288458
1.76 -0.553748697592
1.77 -0.532182345486
1.80 -0.430605409477
1.81 -0.376539154131
1.82 -0.309444297225
1.83 -0.235391868129
1.84 -0.165664515062
1.85 -0.106440581988
1.86 -0.057714060503
1.87 -0.017535414422
1.88 0.015991174723
1.89 0.044326508434
1.90 0.068545156025
1.91 0.089435365705
1.92 0.107584566140
1.93 0.123438344110
1.94 0.137340738570
1.95 0.149561659689
1.957 0.157232891913
1.96 0.160316397422
1.97 0.169778895697
1.98 0.178091523101
1.99 0.185372141700
2.00 0.191719638783
2.01 0.197217827654
2.02 0.201938225398
2.03 0.205942484499
2.04 0.209340678481
2.05 0.212069518872
2.06 0.214226005428
2.07 0.215846984944
2.08 0.216968304611
2.09 0.217620314914
2.10 0.217832675567
2.11 0.217632293424
2.112 0.217544997883
2.12 0.217045056353
2.13 0.216095472934
2.14 0.214778684601
2.15 0.213173861297
2.16 0.211276559398
2.17 0.209109944433
2.18 0.206695933674
2.19 0.204058162054
2.20 0.201220061067
2.21 0.198220376631
2.22 0.195053486534
2.23 0.191758725840
2.24 0.188360099874
2.25 0.184881330881
2.26 0.181346792951
2.27 0.177778890382
2.28 0.174199553085
2.29 0.170629436951
2.30 0.167087854550
2.32 0.160159410561
2.34 0.153535344222
2.36 0.147308810908
2.38 0.141546364470
2.4 0.136291139572
2.42 0.131567644653
2.44 0.127387094628
2.46 0.123753583085
2.48 0.116936153548
2.5 0.114658008662
2.52 0.113113745120
2.54 0.112150925823
2.56 0.111739967944
2.58 0.111852262859
2.6 0.112459697505
2.62 0.113532195819
2.64 0.115036934919
2.66 0.116937572691
2.68 0.119193625749
2.7 0.121761744700
2.72 0.124592135426
2.74 0.127631037988
2.76 0.130820432261
2.78 0.134099182657
2.8 0.137404152538
2.82 0.140674647929
2.84 0.143850960822
2.86 0.146878811133
2.88 0.149710619761
2.90 -0.143140902281
2.92 -0.144647966974
2.94 -0.145890731511
2.96 0.146829113686
2.98 0.147574743546
3.00 -0.148086265047
3.02 -0.148390194890
3.04 -0.148465776736
3.06 -0.148300884496
3.08 0.147987535105
3.10 0.147496617901
3.12 -0.146839555619
3.14 0.146027539852
3.16 -0.145071268482
3.18 0.143981584088
3.20 0.142768380727
3.22 -0.141470708910
3.24 -0.140037903442
3.26 0.138509113592
3.28 -0.136892571564
3.30 -0.135196100002
3.35 -0.130585765441
3.4 -0.125696464723
3.45 -0.120550485718
3.5 0.115228195772
