1.12 -1.634982022108
1.125 -1.687960833284
1.13 -1.732374501329
1.135 -1.769365115834
1.14 -1.800021849785
1.145 -1.825320966321
1.15 -1.846104938670
1.155 -1.863084511829
1.16 -1.877082261442
1.165 -1.888116850477
1.17 -1.896835793010
1.175 -1.903575217266
1.18 -1.908614441632
1.185 -1.912187000727
1.19 -1.914488737792
1.195 -1.915684990352
1.20 -1.915915968661
1.205 -1.915300992782
1.21 -1.913941695953
1.215 -1.911924485931
1.22 -1.909321903434
1.225 -1.906193319020
1.23 -1.902584703199
1.235 -1.898529305768
1.24 -1.894057996898
1.245 -1.889257286131
1.25 -1.884403328170
1.255 -1.879768780319
1.26 -1.875202086797
1.265 -1.870502277391
1.27 -1.865612762899
1.275 -1.860540369404
1.28 -1.855307229816
1.285 -1.849936395065
1.29 -1.844448388634
1.295 -1.838861134614
1.30 -1.833189326670
1.31 -1.821640289641
1.32 -1.809879051968
1.33 -1.797958024771
1.34 -1.785910360403
1.35 -1.773748288459
1.36 -1.761472070635
1.37 -1.749328002624
1.38 -1.736755175190
1.39 -1.723977540091
1.40 -1.710928826907
1.41 -1.697518806414
1.42 -1.683624554065
1.43 -1.669077371305
1.44 -1.653639628736
1.45 -1.636966255039
1.46 -1.618538384503
1.47 -1.597546748404
1.48 -1.572685252301
1.49 -1.541791089073
1.50 -1.501271391832
1.51 -1.445426696885
1.52 -1.366567647466
1.53 -1.258416363713
1.54 -1.123983787143
1.55 0.979343900301
1.56 0.843962328006
1.57 0.729115174525
1.58 0.636835162359
1.59 0.564469731900
1.60 0.508230675586
1.61 0.464692526858
1.62 0.431171361191
1.63 0.405690844182
1.64 0.386853789754
1.65 0.373720950788
1.66 0.365724695972
1.67 0.362621029513
1.68 0.364482336189
1.69 0.371731215028
1.70 0.385224469433
1.71 0.406394802208
1.72 0.437430961701
1.73 0.481343401780
1.74 0.541262326132
1.75 0.617173661332
1.76 0.698842267987
1.77 -0.764561408631
1.80 -0.797390097279
1.81 -0.779223645846
1.82 -0.756792278017
1.83 -0.732498301280
1.84 -0.707714136737
1.85 0.682965908999
1.86 0.658564982822
1.87 0.634418803391
1.88 0.610337360033
1.89 0.586202180948
1.90 0.561979850806
1.91 0.537573747602
1.92 0.513238448754
1.93 0.488885787972
1.94 0.464542708070
1.95 0.440234406015
1.957 0.423254989620
1.96 0.415991671808
1.97 0.391887139274
1.98 0.368574013146
1.99 0.372290250676
2.00 0.386642541399
2.01 0.360763044058
2.02 0.335045521328
2.03 0.309489109454
2.04 0.284092102437
2.05 0.259041875646
2.06 0.233971715692
2.07 0.175331371590
2.08 0.151186428999
2.09 0.127143822804
2.10 0.103203108855
2.11 0.079364509230
2.112 0.074608824163
2.12 0.055628478630
2.13 0.031997477634
2.14 0.008472899217
2.15 -0.014941946341
2.16 -0.038240449547
2.17 -0.061423264524
2.18 -0.084481492579
2.19 -0.107408756417
2.20 -0.130197422194
2.21 -0.152838281227
2.22 -0.175320624574
2.23 -0.197632561560
2.24 -0.219760023095
2.25 -0.241686795171
2.26 -0.263394175347
2.27 -0.284862333486
2.28 -0.306062958822
2.29 -0.326967871023
2.30 -0.347541625157
2.32 -0.387517318559
2.34 -0.425543020560
2.36 -0.460951920754
2.38 -0.492730460915
2.4 -0.519154035598
2.42 -0.537945798813
2.44 -0.545470381581
2.46 -0.536807385141
2.48 -0.507656698738
2.5 -0.457255536167
2.52 -0.392891458652
2.54 -0.327045958503
2.56 -0.269455797078
2.58 -0.223688620778
2.6 -0.189349572574
2.62 -0.164849920903
2.64 -0.148706343888
2.66 -0.139773550143
2.68 -0.137820963458
2.7 -0.140512196594
2.72 -0.147770920188
2.74 -0.158859399738
2.76 -0.173094478432
2.78 -0.189789111554
2.8 -0.208195502920
2.82 -0.226939332385
2.84 -0.246078582340
2.86 -0.264026642680
2.88 -0.279645297632
2.90 -0.291825905517
2.92 -0.299598074692
2.94 -0.302243426362
2.96 -0.299392108325
2.98 -0.291078695639
3.00 -0.277740669527
3.02 -0.260155299108
3.04 -0.267016949444
3.06 -0.235180084128
3.08 -0.204511197773
3.10 -0.175668927964
3.12 -0.149079494367
3.14 -0.125092569918
3.16 -0.103536667373
3.18 -0.084485520310
3.20 -0.067812600097
3.22 0.053118148242
3.24 0.040661450148
3.26 0.029980185808
3.28 0.020857842999
3.30 0.013090956514
3.35 -0.001649668843
3.4 -0.011348957518
3.45 -0.017795808711
3.5 -0.022115699696
