1.12 -0.007983222819
1.125 -0.076467444960
1.13 0.184769116594
1.135 -0.399220664803
1.14 -0.868374344984
1.145 -1.318361158748
1.15 -1.458996958440
1.155 -1.509053375308
1.16 -1.535485619022
1.165 -1.553037058767
1.17 -1.566145066756
1.175 -1.576135354293
1.18 -1.584592838854
1.185 -1.591553423231
1.19 -1.597292133727
1.195 -1.602002076121
1.20 -1.605373608960
1.205 -0.000001775850
1.21 -0.000001393621
1.215 -0.000001156623
1.22 -0.000000999018
1.225 -0.000000885448
1.23 -0.000001612241
1.235 -0.000001443116
1.24 -0.000001297299
1.245 -0.000001159487
1.25 -0.000000999024
1.255 -0.000000531387
1.26 -0.000000315874
1.265 -0.000000219553
1.27 -0.000000176722
1.275 -0.000000847080
1.28 -0.000000799317
1.285 -0.000000775023
1.29 -0.000000756503
1.295 -0.000000742148
1.30 -0.000000731216
1.31 -0.000002074345
1.32 -0.000001962651
1.33 -0.000001870297
1.34 -0.000001817533
1.35 -0.000001759693
1.36 -0.000001703249
1.37 -0.000001645124
1.38 -0.000001588914
1.39 -0.000001532301
1.40 -0.000001475668
1.41 -0.000001418956
1.42 -0.000001363043
1.43 -0.000001308089
1.44 -0.000001252923
1.45 -0.000001196124
1.46 -0.000001131355
1.47 -0.000001061169
1.48 -0.000000986122
1.49 -0.000000825238
1.50 0.000000099256
1.51 0.000000798365
1.52 0.000001091049
1.53 -0.000001037724
1.54 0.000001888110
1.55 -0.341042431373
1.56 0.279947239954
1.57 0.235822819816
1.58 -0.202452241099
1.59 -0.176315745323
1.60 -0.155274194684
1.61 0.137953635898
1.62 -0.123432498283
1.63 0.111068988188
1.64 -0.100403020798
1.65 -0.091096037717
1.66 0.082893389253
1.67 0.075599832382
1.68 -0.069063085719
1.69 -0.063162629607
1.70 0.057801760993
1.71 0.052902292085
1.72 -0.048399882588
1.73 -0.044241820617
1.74 -0.040384591393
1.75 0.036792386581
1.76 -0.033436043772
1.77 0.030292324891
1.80 -0.021986311433
1.81 -0.019568642328
1.82 -0.017326708500
1.83 0.015266222693
1.84 0.013394764770
1.85 0.011718920999
1.86 -0.010237847406
1.87 -0.008955666056
1.88 -0.007898682676
1.89 -0.007091850179
1.90 -0.006537568075
1.91 -0.006219185047
1.92 -0.006159409412
1.93 0.006234719143
1.94 -0.006467763189
1.95 -0.006835730214
1.957 0.007162877133
1.96 0.007318860449
1.97 -0.007901253901
1.98 -0.008599550587
1.99 -0.011188179017
2.00 -0.016531696047
2.01 0.016265422190
2.02 -0.016028987259
2.03 0.015816127408
2.04 0.015620724362
2.05 0.015435723792
2.06 0.015255744235
2.07 0.011770349129
2.08 0.011905560751
2.09 -0.012032088086
2.10 -0.012140843729
2.11 -0.012222226843
2.112 -0.012234146019
2.12 0.012263935320
2.13 0.012252694232
2.14 0.012173472109
2.15 -0.012009332029
2.16 -0.011740789017
2.17 0.011345663327
2.18 -0.010798589634
2.19 0.010070505676
2.20 0.009128071872
2.21 -0.007932956257
2.22 -0.006441054880
2.23 -0.004601360899
2.24 0.002354894078
2.25 0.000366895985
2.26 0.003643946019
2.27 -0.007569827137
2.28 0.012254603238
2.29 -0.017828528575
2.30 0.024446176733
2.32 -0.041590997820
2.34 0.065681588211
2.36 0.099685854887
2.38 0.148127313947
2.4 0.217970484152
2.42 0.319625089194
2.44 -0.466459576446
2.46 -0.666928753261
2.48 -0.903000691837
2.5 -1.122932664793
2.52 -1.284838083192
2.54 1.386914327058
2.56 1.447671207126
2.58 1.482898001835
2.6 -1.502174238254
2.62 1.511763096992
2.64 1.514796030227
2.66 -1.513454243615
2.68 1.509174928837
2.7 1.502880688343
2.72 1.495137187772
2.74 -1.486285154241
2.76 1.476535736023
2.78 1.466027697672
2.8 1.454858848921
2.82 -1.443102297464
2.84 -1.430815157692
2.86 1.418043382170
2.88 1.404824387409
2.90 1.391189279124
2.92 -1.377163365928
2.94 1.362767508613
2.96 1.347312045125
2.98 1.332237929741
3.00 -1.316834095255
3.02 1.301108525644
3.04 -1.323363720932
3.06 -1.305511037237
3.08 1.287372381080
3.10 -1.268954564589
3.12 -1.250265211219
3.14 -1.231312038669
3.16 1.212110199470
3.18 -1.192428185776
3.20 1.172769718572
3.22 -1.152898833095
3.24 -1.132831488528
3.26 -1.112588009847
3.28 -1.092188222649
3.30 -1.071653134709
3.35 1.019875404525
3.4 0.967784452525
3.45 0.915460067879
3.5 0.863945957064
