1.12 -1.713466658304
1.125 -1.755151859722
1.13 -1.789852528466
1.135 -1.818571262736
1.14 -1.842204414316
1.145 -1.861527223671
1.15 -1.877196866807
1.155 -1.890008745381
1.16 -1.899921838018
1.165 -1.907574946881
1.17 -1.913287119695
1.175 -1.917325319614
1.18 -1.919913768704
1.185 -1.921241961978
1.19 -1.921470456690
1.195 -1.920736042961
1.20 -1.919155572042
1.205 -1.916828910476
1.21 -1.913841115472
1.215 -1.910263785081
1.22 -1.906155575584
1.225 -1.901561631962
1.23 -1.896511743600
1.235 -1.891018141683
1.24 -1.885082787919
1.245 -1.878787901017
1.25 -1.872664155822
1.255 -1.867179062811
1.26 -1.861874926902
1.265 -1.856472408170
1.27 -1.850916348315
1.275 -1.845209305477
1.28 -1.839366429934
1.285 -1.833404362601
1.29 -1.827338768490
1.295 -1.821183685304
1.30 -1.814950962032
1.31 -1.802292283801
1.32 -1.789426014523
1.33 -1.776394409135
1.34 -1.763220562325
1.35 -1.749910660745
1.36 -1.736455706844
1.37 -1.722831782620
1.38 -1.708999579663
1.39 -1.694903294687
1.40 -1.680772429298
1.41 -1.665898739141
1.42 -1.650459169330
1.43 -1.634282112494
1.44 -1.617136563497
1.45 -1.598704932890
1.46 -1.578539999448
1.47 -1.555998293112
1.48 -1.530136794168
1.49 -1.499562687256
1.50 -1.462243053799
1.51 -1.415352575286
1.52 -1.355424159003
1.53 -1.279340078025
1.54 -1.186548278600
1.55 -1.081359355706
1.56 0.972505153486
1.57 0.869329382420
1.58 0.778111765848
1.59 0.701258480730
1.60 0.638518665424
1.61 0.588441170411
1.62 0.549314059595
1.63 0.519611453257
1.64 0.498156991971
1.65 0.484165714729
1.66 0.477248876802
1.67 0.477418683541
1.68 0.485108609355
1.69 0.501189945402
1.70 0.526909340132
1.71 0.563525521565
1.72 0.611166494982
1.73 0.666454610490
1.74 -0.720319054283
1.75 -0.760844949085
1.76 -0.781391948968
1.77 -0.783657816010
1.80 -0.731952313786
1.81 -0.706570069818
1.82 -0.679874005038
1.83 0.652591057119
1.84 0.625236944893
1.85 0.598293178876
1.86 0.572274301082
1.87 0.547404784762
1.88 0.523279098252
1.89 0.499362142651
1.90 0.475387098912
1.91 0.451280307290
1.92 0.427047713437
1.93 0.402722413124
1.94 0.378343399476
1.95 0.353947205552
1.957 0.336876903282
1.96 0.329565004845
1.97 0.305218663696
1.98 0.280855825286
1.99 0.256637801022
2.00 0.232495924255
2.01 0.208433944765
2.02 0.184453662636
2.03 0.160557260570
2.04 0.136740133712
2.05 0.113002766743
2.06 0.089343809347
2.07 0.065737464782
2.08 0.042233346514
2.09 0.018803468703
2.10 -0.004553682593
2.11 -0.027837765971
2.112 -0.032485540764
2.12 -0.051048338092
2.13 -0.074184660473
2.14 -0.097245944137
2.15 -0.120229639174
2.16 -0.143132446761
2.17 -0.165952384938
2.18 -0.188685320770
2.19 -0.211326510805
2.20 -0.233869920714
2.21 -0.256310659954
2.22 -0.278641645251
2.23 -0.300856117500
2.24 -0.322946020623
2.25 -0.344902165158
2.26 -0.366714486976
2.27 -0.388372056791
2.28 -0.409862493334
2.29 -0.431168488431
2.30 -0.452285577181
2.32 -0.493850373693
2.34 -0.534401281136
2.36 -0.573725599508
2.38 -0.611549568804
2.4 -0.647506650215
2.42 -0.680772169864
2.44 -0.711192352247
2.46 -0.737541880976
2.48 -0.758439103541
2.5 -0.676423216529
2.52 -0.672008000439
2.54 -0.651447805437
2.56 -0.613670145096
2.58 -0.562329376399
2.6 -0.505603793940
2.62 -0.452499064026
2.64 -0.409076593860
2.66 -0.377687747747
2.68 -0.358160936407
2.7 -0.349114252356
2.72 -0.348776967917
2.74 -0.355374956718
2.76 -0.367237264288
2.78 -0.382767894760
2.8 -0.400379610658
2.82 -0.418447586525
2.84 -0.435304121323
2.86 -0.449288253734
2.88 -0.458827966633
2.90 -0.462570125289
2.92 -0.460546280475
2.94 -0.450082948033
2.96 -0.432018361699
2.98 -0.407992792707
3.00 -0.378680811681
3.02 -0.345699471991
3.04 -0.310471229178
3.06 -0.274707860788
3.08 -0.239706861280
3.10 -0.206452458856
3.12 -0.175611992183
3.14 -0.147570324532
3.16 -0.122602977386
3.18 -0.100456160314
3.20 -0.081117958764
3.22 -0.064159777098
3.24 0.049805563220
3.26 0.037546282940
3.28 0.027121532721
3.30 0.018284677684
3.35 0.001816730275
3.4 -0.009203913668
3.45 -0.016363890814
3.5 -0.021145263735
