-0.000003024076
-0.000003389607
-0.000002295552
-0.000001350143
0.000001642253
0.000002185720
0.000001665849
0.000002063435
0.000001778850
0.000001549017
0.000002058316
0.000001870077
0.000001690721
0.000001525256
0.000001373835
0.000001232942
0.000001101934
0.000000978237
0.000001843935
0.000001652259
0.000001468120
0.000001302796
0.000001150283
0.000001038659
0.000000978250
0.000000972059
0.000001012696
0.000001156758
0.000002137062
0.000002915188
0.000003691118
0.000004420971
0.000005036268
0.000005462152
0.000005666520
0.000005663518
0.000005534393
0.000004619551
0.000003895260
0.000003033486
0.000002303335
-0.000001736663
0.000001310795
-0.000000979221
0.000000710099
-0.000000485734
-0.000000732465
-0.000001081831
-0.000000799912
0.000000564082
-0.000000374106
-0.000000220914
0.000000103306
-0.000000044966
0.000000078510
-0.000000089011
-0.000000080512
-0.000000060559
0.000000031595
0.000000052494
0.000000103377
0.000000157371
0.000000213367
0.000000270615
-0.000000328239
-0.000000386187
0.000000445337
-0.000000505912
0.000000568086
-0.000000630036
-0.000000696808
0.000000765730
-0.000000842399
0.000000915688
-0.000000988337
-0.000001061027
0.000001131912
-0.000001202869
-0.000001271512
-0.000001337009
0.000001399267
0.000001457215
0.000001590338
-0.000001604948
-0.000001586408
-0.000001511934
0.000001340325
0.000001017632
0.000000514055
-0.000000083966
-0.000000621604
0.000001028627
0.000001295135
0.000001490845
0.000001630543
0.000001725158
0.000001784210
0.000003114165
0.000003066131
0.000003045449
0.000002974909
-0.000002898246
0.000002825233
0.000001386594
0.000001350143
0.000001304365
-0.000001271603
-0.000001240626
0.000001213007
0.000001188736
-0.000001161305
0.000001140095
-0.000001117721
0.000001132171
0.000001116285
0.000001113183
-0.000001101223
0.000001085391
-0.000001068433
0.000001003210
0.000000977212
-0.000000954902
0.000000936532
-0.000000905133
0.000000872500
-0.000000839866
-0.000000807573
-0.000000775499
-0.000000745688
-0.000000715507
0.000000690727
0.000000500308
-0.000000466749
0.000000436751
0.000000408851
-0.000000506406
0.000000435293
-0.000000457169
-0.000000462596
0.000000423747
0.000000503018
0.000000503926
-0.000000542845
-0.000000555979
0.000003690194
-0.000000345483
0.000001489062
0.000000971926
-0.000001099660
-0.000001016715
0.000001023181
-0.000001043515
0.000001056797
0.000001057613
0.000000985840
-0.000001048137
-0.000001179778
0.000001219233
-0.000001258520
0.000001295209
0.000001328408
-0.000001354264
0.000001391392
-0.000001441509
0.000001431955
0.000001289189
-0.000001077162
0.000001226007
-0.000001152271
-0.000001079093
0.000000673152
0.000000525135
-0.000000383993
0.000000409452
-0.000000421331
0.000000763180
0.000000987638
-0.000001032840
0.000001138995
-0.000001177863
-0.000001173226
0.000001144746
-0.000001111904
-0.000001111426
-0.000001286490
-0.000001807501
-0.000002454910
-0.000003186617
