1.12 0.247126217629
1.125 0.183846860765
1.13 0.115536886318
1.135 0.042178507746
1.14 -0.036621533010
1.145 -0.121216895109
1.15 -0.211880154769
1.155 -0.308747154372
1.16 -0.411747168759
1.165 -0.520520748187
1.17 -0.634339453779
1.175 -0.752043038987
1.18 -0.872018451977
1.185 -0.992246448873
1.19 -1.110425236628
1.195 -1.224465729560
1.20 -1.331494619712
1.205 -1.429952044136
1.21 -1.518551188476
1.215 -1.596230287209
1.22 -1.662699170261
1.225 -1.718420864418
1.23 -1.761930309248
1.235 -1.790616176675
1.24 -1.810675945193
1.245 -1.855042584071
1.25 -1.878141636667
1.255 -1.889734076088
1.26 -1.893305907081
1.265 -1.889548612844
1.27 -1.879885182373
1.275 -1.865009623891
1.28 -1.845486182622
1.285 -1.821808244573
1.29 -1.794438088189
1.295 -1.763826443535
1.30 -1.730424936990
1.31 -1.657052062685
1.32 -1.577853615876
1.33 -1.496096911335
1.34 -1.414546071670
1.35 -1.335249146703
1.36 -1.259847999964
1.37 -1.189158601247
1.38 -1.123611431444
1.39 -1.063062487342
1.40 -1.007871133291
1.41 -0.957516838972
1.42 -0.911653769502
1.43 -0.869910937847
1.44 -0.831912162463
1.45 -0.797295912321
1.46 -0.765724172620
1.47 -0.736886999543
1.48 -0.710503130030
1.49 -0.686319428025
1.50 -0.664109043219
1.51 -0.643669911102
1.52 -0.624821598008
1.53 -0.607403820650
1.54 -0.591270562491
1.55 -0.576296575256
1.56 -0.562368104361
1.57 -0.549382608230
1.58 -0.536764449235
1.59 -0.525422012081
1.60 -0.514771482134
1.61 -0.504745695084
1.62 -0.495284719920
1.63 -0.486333277407
1.64 -0.477841269340
1.65 -0.469762813878
1.66 -0.462055670628
1.67 -0.454680621568
1.68 -0.447600780321
1.69 -0.440781451527
1.70 -0.434188373340
1.71 -0.427787573422
1.72 -0.421543628716
1.73 -0.415418083009
1.74 -0.409366551591
1.75 -0.403334293269
1.76 -0.397249892873
1.77 -0.391013641637
1.80 -0.369863319396
1.81 -0.360492558646
1.82 -0.349017694998
1.83 -0.335147070346
1.84 -0.319417578350
1.85 -0.302653074809
1.86 -0.285421068532
1.87 -0.268047413827
1.88 -0.250731927364
1.89 -0.233611302411
1.90 -0.216787779193
1.91 -0.200343242803
1.92 -0.184346157660
1.93 -0.168856403303
1.94 -0.153923068145
1.95 -0.139598615515
1.957 -0.129955635495
1.96 -0.125923733190
1.97 -0.112936889833
1.98 -0.100672774414
1.99 -0.089162148417
2.00 -0.078431646480
2.01 -0.068503680401
2.02 -0.059396175068
2.03 -0.051122329634
2.04 -0.043690370774
2.05 -0.037103355883
2.06 -0.031358954920
2.07 -0.026448843415
2.08 -0.022360812393
2.09 -0.019075285994
2.10 -0.016567818222
2.11 -0.014808543953
2.112 -0.014543671285
2.12 -0.013762580771
2.13 -0.013389573126
2.14 -0.013645105010
2.15 -0.014480603699
2.16 -0.015843742227
2.17 -0.017680369411
2.18 -0.019932959820
2.19 -0.022542957252
2.20 -0.025455412717
2.21 -0.028600954628
2.22 -0.031927681262
2.23 -0.035379133887
2.24 -0.038901116434
2.25 -0.042442346921
2.26 -0.045954765593
2.27 -0.049393931528
2.28 -0.052719188057
2.29 -0.055893771578
2.30 -0.058884700562
2.32 -0.064196042533
2.34 -0.068469409686
2.36 -0.071548313684
2.38 -0.073314899094
2.4 -0.073674588691
2.42 -0.072549461966
2.44 -0.069874700909
2.46 -0.065606024686
2.48 -0.063235544588
2.5 -0.055354669810
2.52 -0.046208100753
2.54 -0.036066890472
2.56 -0.025043885644
2.58 -0.013284154014
2.6 -0.000963145353
2.62 0.011723185354
2.64 0.024566529677
2.66 0.037337669740
2.68 0.049786672776
2.7 0.061652687944
2.72 0.072677519018
2.74 0.082620336762
2.76 0.091276559482
2.78 0.098491619444
2.8 0.104167561941
2.82 0.108267873036
2.84 0.110811723195
2.86 0.111871317446
2.88 0.111561737365
2.90 0.110030857053
2.92 0.107448701734
2.94 0.103997075994
2.96 0.099860151132
2.98 -0.095216309331
3.00 -0.090231840861
3.02 -0.085236795439
3.04 -0.079639729811
3.06 -0.074467153564
3.08 -0.069426446897
3.10 -0.064583177916
3.12 -0.059984752454
3.14 -0.055661891617
3.16 -0.051633792428
3.18 -0.047907191754
3.20 -0.044480827513
3.22 -0.041396915860
3.24 -0.038531435308
3.26 -0.035933851656
3.28 -0.033586816618
3.30 -0.031471963442
3.35 -0.027042714576
3.4 -0.023728391502
3.45 -0.021229185844
3.5 -0.019351197108
