1.12 -1.725067676154
1.125 -1.763603067025
1.13 -1.795723476369
1.135 -1.822359433156
1.14 -1.844329516809
1.145 -1.862335688484
1.15 -1.877222796187
1.155 -1.888972181526
1.16 -1.898262846249
1.165 -1.905441390510
1.17 -1.910798034810
1.175 -1.914576692562
1.18 -1.916983230574
1.185 -1.918192246870
1.19 -1.918352699129
1.195 -1.917591897733
1.20 -1.916019164056
1.205 -1.913728363281
1.21 -1.910799864003
1.215 -1.907301720819
1.22 -1.903290152863
1.225 -1.898809324250
1.23 -1.893890317982
1.235 -1.888552028535
1.24 -1.882820616066
1.245 -1.876877845932
1.25 -1.871462819123
1.255 -1.866658798844
1.26 -1.861764992176
1.265 -1.856627819626
1.27 -1.851268152276
1.275 -1.845722239160
1.28 -1.840021150355
1.285 -1.834189801916
1.29 -1.828248395134
1.295 -1.822213416782
1.30 -1.816098888807
1.31 -1.803673904159
1.32 -1.791041762992
1.33 -1.778247813861
1.34 -1.765317687253
1.35 -1.752260217979
1.36 -1.739069592671
1.37 -1.725725924183
1.38 -1.712502697458
1.39 -1.698732567316
1.40 -1.684663845342
1.41 -1.670212184889
1.42 -1.655268897762
1.43 -1.639693317131
1.44 -1.623301096095
1.45 -1.605846426328
1.46 -1.586994546963
1.47 -1.566280488587
1.48 -1.543046222337
1.49 -1.516349750463
1.50 -1.484843727356
1.51 -1.446646424152
1.52 -1.399299708613
1.53 -1.340048410162
1.54 -1.266805180946
1.55 -1.179863164681
1.56 -1.083302697849
1.57 0.984312144761
1.58 0.890388885624
1.59 0.806763321317
1.60 0.735741259477
1.61 0.677485864530
1.62 0.631082945635
1.63 0.595306830787
1.64 0.569034897854
1.65 0.551435033227
1.66 0.542042515937
1.67 0.540788444050
1.68 0.548006452526
1.69 0.564386330672
1.70 0.590765895567
1.71 0.627503774619
1.72 0.673084362254
1.73 0.722188828628
1.74 -0.765530382111
1.75 -0.794262241543
1.76 -0.805420309708
1.77 -0.801778739961
1.80 -0.744142142506
1.81 -0.718271117800
1.82 -0.691305851076
1.83 0.663854152860
1.84 0.636332709123
1.85 0.609111910350
1.86 0.582626011294
1.87 0.557309158823
1.88 0.533123051081
1.89 0.509490685637
1.90 0.485927117321
1.91 0.462231739640
1.92 0.438360600985
1.93 0.414332774305
1.94 0.390188793723
1.95 0.365974455695
1.957 0.349005526936
1.96 0.341732164206
1.97 0.317407782292
1.98 0.293213862350
1.99 0.269076105062
2.00 0.245008258559
2.01 0.221019581519
2.02 0.197115583876
2.03 0.173299040824
2.04 0.149571101982
2.05 0.125931058504
2.06 0.102358410512
2.07 0.078896477291
2.08 0.055520090691
2.09 0.032227646176
2.10 0.009018672799
2.11 -0.014107353454
2.112 -0.018722524285
2.12 -0.037150127334
2.13 -0.060109549472
2.14 -0.082984287744
2.15 -0.105772776545
2.16 -0.128472935278
2.17 -0.151082138706
2.18 -0.173597259371
2.19 -0.196014851832
2.20 -0.218330182801
2.21 -0.240538553768
2.22 -0.262634443046
2.23 -0.284611347778
2.24 -0.306463586003
2.25 -0.328182692215
2.26 -0.349760306995
2.27 -0.371183506390
2.28 -0.392448338706
2.29 -0.413539999218
2.30 -0.434445485040
2.32 -0.475638063013
2.34 -0.515886923356
2.36 -0.555014123912
2.38 -0.592786656563
2.4 -0.628892103388
2.42 -0.662627323441
2.44 -0.693844624913
2.46 -0.721480947034
2.48 -0.744306892611
2.5 -0.760580122186
2.52 -0.767938614858
2.54 -0.763294746402
2.56 -0.743935915223
2.58 -0.599690146994
2.6 -0.538938342798
2.62 -0.480057892161
2.64 -0.430379563739
2.66 -0.393135441861
2.68 -0.368501310542
2.7 -0.355182914250
2.72 -0.351380044707
2.74 -0.355253245626
2.76 -0.365076941090
2.78 -0.379226865727
2.8 -0.396111663752
2.82 -0.414110200428
2.84 -0.431549004304
2.86 -0.446725507993
2.88 -0.457990797822
2.90 -0.463859105078
2.92 -0.464192665227
2.94 -0.456087430280
2.96 -0.440561752836
2.98 -0.418122964104
3.00 -0.389853408516
3.02 -0.357249938916
3.04 -0.321999684622
3.06 -0.285748472222
3.08 -0.249927887875
3.10 -0.215656750536
3.12 -0.183720258510
3.14 -0.154704882467
3.16 -0.128596516410
3.18 -0.105527722426
3.20 -0.085381662867
3.22 -0.067735600711
3.24 0.052801380742
3.26 0.040063072950
3.28 0.029246177672
3.30 0.020092148892
3.35 0.002981748858
3.4 -0.008231325399
3.45 -0.015541478246
3.5 -0.020391121094
