-0.464074363014
0.414906430678
0.382415295127
-0.357923323899
-0.336650198982
0.317140034645
-0.298511414429
-0.279735793477
0.260763647181
-0.241098904102
-0.220508094989
-0.198977866283
0.175644081987
0.150543670703
-0.123156778817
0.093350258261
-0.060541032963
-0.024465341353
-0.015802183743
-0.060923312243
-0.111764588947
0.000023647644
0.000026149100
0.000027194188
0.000026122623
0.000022699736
0.000017776857
0.000013350019
0.000009745433
0.000008288579
0.000005740765
0.000003840264
-0.000002434847
-0.000001393237
-0.000000633862
0.000000082041
-0.000000322809
-0.000000793908
-0.000000940320
0.000001882792
-0.000001379947
0.000000957846
0.000000613007
0.000001085923
0.000000880628
-0.000000720232
-0.000000592602
0.000000486961
-0.000000392071
0.000000304803
-0.000000222636
0.000000142708
-0.000000068244
0.000000096831
-0.000000191735
0.000000297867
-0.000000398372
0.000000504978
-0.000000625192
-0.000000591778
-0.000000755627
-0.000000864233
0.000000966098
0.000001062791
-0.000001157042
0.000001244944
0.000009201161
0.000009164543
-0.000009117692
0.000011084743
-0.000011051598
-0.000010988565
-0.000010895662
0.000010772749
0.000010619383
0.000010443341
-0.000010215803
0.000009984105
-0.000009695784
-0.000009374277
0.000009014416
-0.000008608584
-0.000008160348
-0.000006479905
0.000005780870
0.000004993772
-0.000004104821
0.000003102415
0.000001992694
-0.000000862609
-0.000000071432
0.000000690350
-0.000001094982
-0.000000220198
-0.000000313479
-0.000000445606
0.000000599674
-0.000000765616
-0.000000937169
-0.000001058604
0.000001110525
-0.000001284085
0.000001456822
-0.000001628072
-0.000001802648
-0.000001974900
-0.000002142173
0.000002303534
0.000002459074
-0.000002609833
0.000002756841
0.000002900709
-0.000003041493
0.000003179510
-0.000003530882
-0.000003674369
-0.000003702775
-0.000003815404
-0.000003954092
-0.000004090771
-0.000004225185
-0.000004357899
-0.000004489266
0.000004619711
-0.000004567751
-0.000004688928
0.000004810776
0.000004615318
0.000004698889
-0.000004773308
0.000005152387
-0.000005131577
-0.000004832925
-0.000004785479
0.000004738436
0.000004686401
-0.000004589857
0.000004454330
-0.000004366414
0.000004238311
0.000004100947
0.000003933638
-0.000003735489
-0.000003339189
0.000003024860
-0.000002722521
-0.000002465220
0.000002226314
-0.000002004856
-0.000002670646
-0.000002374153
-0.000002284180
0.000002212698
0.000002169008
-0.000002184079
-0.000002256689
0.000002307572
0.000002375128
-0.000002435169
0.000002426347
0.000002436118
-0.000002435538
-0.000002453262
-0.000002433699
0.000002373191
0.000009829438
0.000002502134
-0.000002392459
-0.000002294330
-0.000002190743
0.000002041134
-0.000001881274
0.000001728490
-0.000001615315
0.000001566082
0.000003254445
-0.000003279005
0.000006125901
-0.000006528555
0.000006955957
-0.000007294526
0.000007566387
-0.000007766487
-0.000007895970
0.000007947545
-0.000007921914
0.000007625013
-0.000007074380
0.000006348777
0.000005503126
