1.12 -1.468575052104
1.125 -1.480143821627
1.13 -1.452839865846
1.135 -1.165952759691
1.14 0.669982159895
1.145 0.448594482264
1.15 0.347999354213
1.155 0.291639873592
1.16 0.254942101992
1.165 0.229661984553
1.17 -0.210914409610
1.175 0.196441710028
1.18 0.184530378898
1.185 -0.175245638481
1.19 0.221833246143
1.195 0.207305128998
1.20 0.195563894536
1.205 -0.185698738286
1.21 -0.177759061339
1.215 0.171147420643
1.22 0.165618679761
1.225 -0.160988387136
1.23 -0.157115213753
1.235 0.153889270757
1.24 -0.151224103554
1.245 -0.149050609937
1.25 0.147313481905
1.255 0.145968126788
1.26 0.144978382699
1.265 0.144315050913
1.27 -0.143954535964
1.275 0.143877986251
1.28 -0.143954710513
1.285 0.144409958874
1.29 -0.145114241943
1.295 -0.146061912677
1.30 0.147249927714
1.31 -0.150346212213
1.32 -0.154423947935
1.33 0.159540697126
1.34 -0.165793473373
1.35 0.173326126303
1.36 0.182341187253
1.37 -0.193118503573
1.38 -0.206044659037
1.39 0.221659331993
1.40 -0.240730137404
1.41 0.264378368724
1.42 -0.294300131807
1.43 -0.333177722677
1.44 0.385502438923
1.45 0.459376079118
1.46 -0.570927509036
1.47 -0.757173441289
1.48 1.121002206589
1.49 -2.002304262942
1.50 -2.752657771254
1.51 -1.458170745344
1.52 -0.879887957457
1.53 -0.617338041592
1.54 -0.471608109332
1.55 -0.000001448294
1.56 0.000000643323
1.57 -0.000000652319
1.58 -0.000000661557
1.59 -0.000000671044
1.60 0.000000679123
1.61 0.000000691471
1.62 -0.000000701246
1.63 0.000000708952
1.64 0.000000719310
1.65 -0.000000723595
1.66 0.000000723117
1.67 0.000004679937
1.68 0.000004674145
1.69 0.000004675078
1.70 -0.000004667918
1.71 -0.000004663664
1.72 0.000004667241
1.73 0.000004684370
1.74 0.000004736919
1.75 -0.000004812890
1.76 -0.000004920618
1.77 0.000005064384
1.80 0.000000663573
1.81 0.000000811607
1.82 -0.000000947406
1.83 0.000001071253
1.84 0.000001184360
1.85 0.000001286389
1.86 0.000002866444
1.87 0.000002830963
1.88 0.000002794629
1.89 0.000002758600
1.90 0.000002722529
1.91 0.000000996501
1.92 -0.000001025620
1.93 -0.000001053229
1.94 0.000001052219
1.95 -0.000001067980
1.957 -0.000001075786
1.96 0.000001142725
1.97 0.000001146124
1.98 0.000001145647
1.99 -0.000001137625
2.00 0.000001123891
2.01 0.000001103717
2.02 0.000001075607
2.03 0.000001039207
2.04 -0.000000990615
2.05 0.000000898006
2.06 -0.000000824942
2.07 -0.000000734879
2.08 -0.000000617491
2.09 -0.000000588063
2.10 -0.000000808276
2.11 -0.000001208952
2.112 0.000001235241
2.12 -0.000001341965
2.13 -0.000001479761
2.14 0.000001621421
2.15 0.000001766526
2.16 -0.000001912999
2.17 0.000002057791
2.18 0.000002200560
2.19 -0.000002336186
2.20 0.000002460848
2.21 -0.000002573531
2.22 -0.000002664820
2.23 0.000002706274
2.24 0.000002729812
2.25 0.000002700058
2.26 -0.000002595009
2.27 -0.000001746724
2.28 0.000001533123
2.29 -0.000001224665
2.30 -0.000000823905
2.32 -0.000000197123
2.34 -0.000001177708
2.36 -0.000001795494
2.38 -0.000002569075
2.4 -0.000005381824
2.42 -0.000006782063
2.44 -0.000005970190
2.46 -0.000004225464
2.48 0.000001810045
2.5 0.000000943554
2.52 0.000000265509
2.54 0.000000340998
2.56 0.000000855126
2.58 0.000001275561
2.6 -0.000001645391
2.62 -0.000001950682
2.64 -0.000002189188
2.66 -0.000002310342
2.68 0.000002414334
2.7 -0.000002471735
2.72 -0.000002460555
2.74 0.000003456774
2.76 -0.000003327506
2.78 -0.000001302648
2.8 0.000001561674
2.82 0.000001777118
2.84 0.000002019936
2.86 -0.000002261983
2.88 0.000002528790
2.90 -0.000002881378
2.92 -0.000003004121
2.94 -0.000003288310
2.96 0.000003549564
2.98 -0.000003804521
3.00 0.000004120640
3.02 0.000004380385
3.04 -0.000004642303
3.06 -0.000004879583
3.08 -0.000005135646
3.10 -0.000005391698
3.12 0.000005645628
3.14 -0.000005897592
3.16 -0.000006165019
3.18 -0.000006440171
3.20 0.000006716595
3.22 0.000007019873
3.24 0.000007320716
3.26 -0.000007623719
3.28 0.000007961043
3.30 0.000008298483
3.35 -0.000009149315
3.4 -0.000009909792
3.45 -0.000010489736
3.5 -0.000010794246
