0.412636701226
0.377850218186
0.352806957591
0.332148874212
-0.313785832031
0.296548881381
-0.279370524369
0.261795502200
0.243730993996
-0.224776222849
-0.204704911873
0.183568159834
0.160360323542
-0.135157666097
0.107541217390
0.076914239635
0.043041719342
0.005348697996
-0.036952842850
-0.084891235587
0.000022851497
0.000025993417
0.000027560324
0.000026641799
0.000023161792
0.000018276287
0.000013594027
0.000009632147
-0.000006671083
-0.000004592065
-0.000003486212
0.000002263264
-0.000001407999
-0.000000803262
0.000000372466
0.000000064885
0.000000154690
0.000000396084
0.000000512442
0.000001838623
-0.000001414087
-0.000001059605
0.000000775440
-0.000000545434
-0.000000379998
0.000000293162
-0.000000220484
0.000000169107
-0.000000109328
-0.000000051594
-0.000000056742
0.000000100085
0.000000147305
-0.000000192178
-0.000004806774
0.000004765577
-0.000004694202
-0.000005511642
-0.000005411094
0.000005319305
0.000005225091
0.000005129318
0.000005029506
-0.000004923694
0.000005416304
0.000005419179
0.000005408187
-0.000005380733
0.000005335955
-0.000005272191
-0.000005188794
0.000005082927
0.000004950482
-0.000004787207
-0.000004585088
-0.000004333682
0.000004022614
0.000003644756
-0.000003163970
0.000002598027
-0.000001932534
0.000001229129
0.000000523965
-0.000001178164
0.000001498800
-0.000001698612
0.000001788804
0.000001836915
0.000001758874
-0.000001237435
-0.000001779593
0.000002345934
0.000002911271
-0.000003480549
-0.000004050569
0.000004619402
0.000005180991
0.000005731883
-0.000006268133
-0.000006633454
-0.000006786846
0.000007285100
-0.000007760555
-0.000008210423
-0.000002745100
0.000002791400
0.000002824368
-0.000002844971
0.000002853750
-0.000002851975
-0.000002840323
-0.000002820169
-0.000002791152
-0.000002754469
0.000002711475
0.000007506847
-0.000007501227
0.000007471155
0.000007414367
-0.000007334477
-0.000007240186
0.000007130890
0.000003169001
0.000002817684
0.000002672477
0.000002524009
0.000002371705
0.000002214092
-0.000002048237
0.000001869456
-0.000001671994
-0.000001451673
0.000001469341
-0.000001526195
0.000001627435
0.000002490904
0.000002214392
0.000001928787
0.000001642797
0.000001360472
0.000001030294
-0.000001042300
0.000000912456
-0.000000776731
-0.000001844001
-0.000001068300
-0.000001012298
0.000001000198
0.000000858474
0.000000908596
-0.000000788635
-0.000000711869
-0.000000694638
-0.000000704627
0.000000706321
0.000000704338
-0.000000701592
0.000005913375
-0.000005689012
-0.000005482094
-0.000005284729
0.000005082321
0.000004863901
-0.000004564146
0.000002829539
0.000005141068
0.000004692407
-0.000004423230
0.000004163240
0.000003875667
0.000003541523
0.000003150049
-0.000002702367
0.000002202879
-0.000001649471
0.000001047078
-0.000000408421
-0.000000261902
0.000000928208
-0.000001596300
-0.000002249214
-0.000002880003
-0.000003466557
0.000003996959
-0.000004485383
-0.000004906009
-0.000005696646
-0.000006128557
-0.000006232211
0.000006069141
