1.12 0.565095270294
1.125 -0.832183214179
1.13 1.402445504896
1.135 -2.152993609091
1.14 1.473659275422
1.145 0.934945088767
1.15 0.677948275962
1.155 0.536486765344
1.16 0.448855186809
1.165 0.389534702042
1.17 -0.347110075601
1.175 0.315457327794
1.18 0.291266332088
1.185 -0.272002478890
1.19 -0.000002480201
1.195 -0.000004145602
1.20 -0.000003608878
1.205 0.000001237030
1.21 0.000001063501
1.215 -0.000000914199
1.22 -0.000000785297
1.225 0.000000673786
1.23 0.000000577681
1.235 -0.000000494953
1.24 0.000000423899
1.245 0.000000363984
1.25 -0.000000311496
1.255 -0.000000949256
1.26 -0.000000827074
1.265 -0.000000720257
1.27 0.000000626871
1.275 -0.000000545365
1.28 0.000000303314
1.285 -0.000000299492
1.29 0.000000314343
1.295 0.000000319800
1.30 -0.000000328446
1.31 0.000000354529
1.32 0.000000388895
1.33 -0.000000393897
1.34 0.000000383502
1.35 0.000001428803
1.36 0.000001433249
1.37 -0.000001456405
1.38 -0.000001455228
1.39 0.000001456072
1.40 -0.000001460776
1.41 0.000001469324
1.42 -0.000001482817
1.43 -0.000001500883
1.44 0.000001523667
1.45 0.000001547772
1.46 -0.000001443763
1.47 -0.000001472139
1.48 0.000001511875
1.49 -0.000001604832
1.50 -0.000001681805
1.51 -0.000001363678
1.52 -0.000001324505
1.53 -0.000001321048
1.54 -0.000001315741
1.55 -0.000001277697
1.56 0.000000217759
1.57 0.000000230653
1.58 0.000000237539
1.59 0.000000248079
1.60 0.000000260926
1.61 0.000000280326
1.62 0.000000299147
1.63 0.000000318461
1.64 0.000000335137
1.65 0.000000352205
1.66 0.000000370211
1.67 -0.000001374744
1.68 -0.000001327913
1.69 -0.000001264835
1.70 -0.000001189898
1.71 -0.000001104150
1.72 -0.000001018309
1.73 -0.000000952695
1.74 -0.000000928345
1.75 -0.000000964172
1.76 -0.000001038665
1.77 -0.000001154511
1.80 -0.000000713654
1.81 -0.000000826928
1.82 -0.000000938304
1.83 -0.000001046067
1.84 -0.000001149316
1.85 -0.000001248689
1.86 -0.000003261553
1.87 -0.000003326616
1.88 -0.000003372691
1.89 -0.000003411194
1.90 -0.000003215865
1.91 -0.000003163071
1.92 -0.000003145398
1.93 -0.000003108051
1.94 -0.000003103699
1.95 -0.000003070070
1.957 -0.000003054861
1.96 -0.000002121655
1.97 -0.000002395674
1.98 -0.000002465957
1.99 -0.000002533156
2.00 -0.000002595701
2.01 -0.000002652815
2.02 -0.000002703618
2.03 -0.000002764005
2.04 -0.000002826957
2.05 -0.000002815812
2.06 -0.000002847879
2.07 -0.000002877028
2.08 -0.000003236268
2.09 -0.000002758555
2.10 -0.000002075794
2.11 -0.000002286589
2.112 -0.000002285626
2.12 -0.000002279170
2.13 -0.000002263807
2.14 -0.000002241644
2.15 -0.000002214123
2.16 -0.000002181467
2.17 -0.000002139109
2.18 -0.000002084907
2.19 -0.000002034701
2.20 -0.000001964454
2.21 -0.000001895641
2.22 -0.000001821892
2.23 -0.000001724574
2.24 -0.000001665350
2.25 -0.000001625142
2.26 -0.000001627415
2.27 -0.000001303281
2.28 -0.000001455215
2.29 -0.000001721590
2.30 -0.000002185313
2.32 -0.000003960118
2.34 -0.000007419990
2.36 -0.000012761117
2.38 -0.000016621033
2.4 -0.000005737648
2.42 0.000009777636
2.44 0.000014417043
2.46 0.000033104729
2.48 0.000033373003
2.5 0.000029975988
2.52 0.000028747118
2.54 0.000027415874
2.56 0.000026074795
2.58 0.000024662624
2.6 0.000023207458
2.62 0.000021907015
2.64 0.000020479852
2.66 0.000019225135
2.68 0.000017933406
2.7 0.000016682334
2.72 0.000015449886
2.74 0.000003589454
2.76 0.000003363941
2.78 0.000003967516
2.8 0.000003156079
2.82 0.000002168011
2.84 0.000001432167
2.86 0.000000739250
2.88 0.000000071723
2.90 -0.000000594651
2.92 -0.000001222189
2.94 -0.000001753539
2.96 -0.000002211637
2.98 -0.000002619363
3.00 -0.000002995514
3.02 -0.000003300720
3.04 -0.000003549452
3.06 -0.000003714092
3.08 -0.000003864487
3.10 -0.000003963990
3.12 -0.000004023388
3.14 -0.000004056315
3.16 -0.000004045059
3.18 -0.000004019592
3.20 -0.000003972261
3.22 -0.000003925885
3.24 -0.000003856200
3.26 -0.000003771673
3.28 -0.000003692103
3.30 -0.000003607630
3.35 -0.000003387533
3.4 -0.000003127411
3.45 -0.000002873394
3.5 -0.000002604799
