1.12 0.039051817278
1.125 -0.151890527593
1.13 0.397362788018
1.135 -0.977335784103
1.14 -1.382430764115
1.145 -1.483435965315
1.15 -1.522901470683
1.155 -1.546029648736
1.16 -1.562017474520
1.165 -1.574888920750
1.17 -1.585356867511
1.175 -1.594019478561
1.18 -1.600759602659
1.185 -1.606721892510
1.19 -0.000000113122
1.195 0.000001082474
1.20 0.000000936340
1.205 -0.000000845157
1.21 -0.000000802998
1.215 -0.000000758951
1.22 -0.000000715804
1.225 -0.000000674470
1.23 -0.000000635422
1.235 -0.000000599505
1.24 -0.000000564752
1.245 -0.000000532172
1.25 -0.000000501204
1.255 -0.000000209358
1.26 -0.000000217584
1.265 -0.000000225420
1.27 -0.000000233382
1.275 -0.000000240548
1.28 -0.000000527818
1.285 -0.000000499012
1.29 -0.000000461992
1.295 -0.000000446621
1.30 -0.000000436639
1.31 -0.000000432006
1.32 -0.000000453430
1.33 -0.000000457850
1.34 -0.000000468946
1.35 -0.000001922462
1.36 -0.000001829221
1.37 -0.000001742481
1.38 -0.000001664338
1.39 -0.000001590990
1.40 -0.000001520276
1.41 -0.000001455695
1.42 -0.000001394068
1.43 -0.000001334902
1.44 -0.000001275103
1.45 -0.000001208275
1.46 -0.000001334537
1.47 -0.000001289332
1.48 -0.000001208883
1.49 -0.000000986599
1.50 0.000000501927
1.51 0.000001026759
1.52 0.000001155247
1.53 0.000001277973
1.54 0.000001371525
1.55 0.379637631183
1.56 0.316516705854
1.57 -0.270549926077
1.58 -0.235608598866
1.59 -0.208155193470
1.60 0.186012793812
1.61 0.167769251904
1.62 -0.152468509624
1.63 0.139439603267
1.64 0.128197212471
1.65 -0.118380247218
1.66 0.109713110784
1.67 -0.102103116881
1.68 -0.095129728144
1.69 -0.088771736496
1.70 0.082903731698
1.71 0.077412779042
1.72 -0.072193494647
1.73 -0.067146859684
1.74 -0.062186802808
1.75 0.057256867580
1.76 0.052352797585
1.77 -0.047530043332
1.80 -0.034434660758
1.81 -0.030828631432
1.82 0.027639347034
1.83 -0.024860050700
1.84 -0.022470330537
1.85 -0.020442147336
1.86 -0.034537054245
1.87 -0.032881663300
1.88 -0.031310034245
1.89 -0.029810762728
1.90 -0.028373522528
1.91 0.026935816498
1.92 -0.025593053399
1.93 -0.024283783003
1.94 0.022999944485
1.95 -0.021733578306
1.957 -0.020853602405
1.96 0.020467711333
1.97 0.019216132552
1.98 0.017960751734
1.99 -0.016694822907
2.00 0.015411362574
2.01 0.014103103943
2.02 0.012762305323
2.03 0.011381318149
2.04 -0.009949282610
2.05 0.008456123774
2.06 -0.006889994015
2.07 -0.005236507638
2.08 -0.003479572718
2.09 -0.001600777111
2.10 -0.000426455909
2.11 -0.004849893500
2.112 0.005182780017
2.12 -0.006583542069
2.13 -0.008513153903
2.14 0.010682484766
2.15 0.013144551762
2.16 -0.015963812014
2.17 0.019218954487
2.18 0.023006531073
2.19 -0.027445823745
2.20 0.032685206761
2.21 -0.038911122376
2.22 -0.046360027850
2.23 0.055335540939
2.24 0.066233026735
2.25 0.079574744964
2.26 -0.096062721561
2.27 -0.116413983293
2.28 0.142407410672
2.29 -0.175751641152
2.30 -0.219221439337
2.32 0.354739920642
2.34 0.605144142151
2.36 1.007564011250
2.38 1.383390733864
2.4 1.577943743415
2.42 1.661463723297
2.44 1.698613571161
2.46 1.715599564056
2.48 -1.730419953147
2.5 -1.717264798801
2.52 -1.714851524903
2.54 1.710194709719
2.56 1.703914457811
2.58 1.696403349856
2.6 -1.687919825997
2.62 -1.678639482553
2.64 -1.668685096108
2.66 -1.658144685550
2.68 1.647082384214
2.7 -1.635546204517
2.72 -1.623572412522
2.74 -1.758049307243
2.76 1.741910631047
2.78 1.725777591698
2.8 -1.708870709928
2.82 -1.691595106697
2.84 -1.673948718052
2.86 1.655931898377
2.88 -1.637546047201
2.90 1.618793767835
2.92 1.599679394540
2.94 1.580209016261
2.96 -1.560388045872
2.98 1.540226061784
3.00 -1.519733349608
3.02 -1.498921624004
3.04 1.477804348168
3.06 1.456396534889
3.08 1.434714814267
3.10 1.412777046272
3.12 -1.390602646936
3.14 1.368211772163
3.16 1.345626044866
3.18 1.322868106939
3.20 -1.299959577533
3.22 -1.276921527373
3.24 -1.253779360098
3.26 1.230554982892
3.28 -1.207266948722
3.30 -1.183938913809
3.35 1.125573120985
3.4 1.067392145804
3.45 1.009701165202
3.5 0.952804279874
