-1.713466658304
-1.755151859722
-1.789852528466
-1.818571262736
-1.842204414316
-1.861527223671
-1.877196866807
-1.890008745381
-1.899921838018
-1.907574946881
-1.913287119695
-1.917325319614
-1.919913768704
-1.921241961978
-1.921470456690
-1.920736042961
-1.919155572042
-1.916828910476
-1.913841115472
-1.910263785081
-1.906155575584
-1.901561631962
-1.896511743600
-1.891018141683
-1.885082787919
-1.878787901017
-1.872664155822
-1.867179062811
-1.861874926902
-1.856472408170
-1.850916348315
-1.845209305477
-1.839366429934
-1.833404362601
-1.827338768490
-1.821183685304
-1.814950962032
-1.802292283801
-1.789426014523
-1.776394409135
-1.763220562325
-1.749910660745
-1.736455706844
-1.722831782620
-1.708999579663
-1.694903294687
-1.680772429298
-1.665898739141
-1.650459169330
-1.634282112494
-1.617136563497
-1.598704932890
-1.578539999448
-1.555998293112
-1.530136794168
-1.499562687256
-1.462243053799
-1.415352575286
-1.355424159003
-1.279340078025
-1.186548278600
-1.081359355706
0.972505153486
0.869329382420
0.778111765848
0.701258480730
0.638518665424
0.588441170411
0.549314059595
0.519611453257
0.498156991971
0.484165714729
0.477248876802
0.477418683541
0.485108609355
0.501189945402
0.526909340132
0.563525521565
0.611166494982
0.666454610490
-0.720319054283
-0.760844949085
-0.781391948968
-0.783657816010
-0.731952313786
-0.706570069818
-0.679874005038
0.652591057119
0.625236944893
0.598293178876
0.572274301082
0.547404784762
0.523279098252
0.499362142651
0.475387098912
0.451280307290
0.427047713437
0.402722413124
0.378343399476
0.353947205552
0.336876903282
0.329565004845
0.305218663696
0.280855825286
0.256637801022
0.232495924255
0.208433944765
0.184453662636
0.160557260570
0.136740133712
0.113002766743
0.089343809347
0.065737464782
0.042233346514
0.018803468703
-0.004553682593
-0.027837765971
-0.032485540764
-0.051048338092
-0.074184660473
-0.097245944137
-0.120229639174
-0.143132446761
-0.165952384938
-0.188685320770
-0.211326510805
-0.233869920714
-0.256310659954
-0.278641645251
-0.300856117500
-0.322946020623
-0.344902165158
-0.366714486976
-0.388372056791
-0.409862493334
-0.431168488431
-0.452285577181
-0.493850373693
-0.534401281136
-0.573725599508
-0.611549568804
-0.647506650215
-0.680772169864
-0.711192352247
-0.737541880976
-0.758439103541
-0.676423216529
-0.672008000439
-0.651447805437
-0.613670145096
-0.562329376399
-0.505603793940
-0.452499064026
-0.409076593860
-0.377687747747
-0.358160936407
-0.349114252356
-0.348776967917
-0.355374956718
-0.367237264288
-0.382767894760
-0.400379610658
-0.418447586525
-0.435304121323
-0.449288253734
-0.458827966633
-0.462570125289
-0.460546280475
-0.450082948033
-0.432018361699
-0.407992792707
-0.378680811681
-0.345699471991
-0.310471229178
-0.274707860788
-0.239706861280
-0.206452458856
-0.175611992183
-0.147570324532
-0.122602977386
-0.100456160314
-0.081117958764
-0.064159777098
0.049805563220
0.037546282940
0.027121532721
0.018284677684
0.001816730275
-0.009203913668
-0.016363890814
-0.021145263735
