1.12 -0.902583185757
1.125 -0.901282894635
1.13 0.899811770684
1.135 -0.898166949291
1.14 0.896323297248
1.145 -0.894273289455
1.15 0.891999134850
1.155 -0.889478434113
1.16 0.886683050845
1.165 0.883577502214
1.17 -0.880057262617
1.175 0.876189469347
1.18 -0.871839850356
1.185 -0.866918893547
1.19 0.861314295694
1.195 0.854881934905
1.20 0.847491898674
1.205 0.839157051739
1.21 -0.829994765942
1.215 0.817323785483
1.22 0.800749244208
1.225 0.770772961962
1.23 -0.740065609697
1.235 -0.700924196861
1.24 -0.650970391253
1.245 -0.543310375634
1.25 -0.463293855311
1.255 0.378867853187
1.26 0.295786456137
1.265 0.218872728549
1.27 0.150734291623
1.275 0.092338709887
1.28 0.042178105744
1.285 -0.000467821907
1.29 -0.036850735730
1.295 -0.068119702489
1.30 -0.095181028478
1.31 -0.139663508618
1.32 0.174582056364
1.33 0.203147969722
1.34 0.226968001242
1.35 0.247250846740
1.36 0.264822812950
1.37 -0.282491896314
1.38 0.295755271182
1.39 0.307533270284
1.40 0.318282448107
1.41 0.328057910150
1.42 -0.336998067886
1.43 -0.345213496025
1.44 0.352793971626
1.45 -0.359813250873
1.46 -0.366332760934
1.47 -0.372403967726
1.48 -0.378070463235
1.49 0.383369287488
1.50 0.388332941114
1.51 -0.392932060966
1.52 -0.397309078716
1.53 -0.401423261341
1.54 -1.187156431755
1.55 -1.185368161978
1.56 -1.183389722068
1.57 -1.181177525596
1.58 -1.178683058074
1.59 -1.175853306788
1.60 -1.172502249330
1.61 -1.168803460420
1.62 -1.164561570450
1.63 -1.159685567692
1.64 -1.154069069468
1.65 -1.147586935780
1.66 -1.139968454618
1.67 -1.131237739597
1.68 -1.121099063121
1.69 -1.109304935373
1.70 -1.095566312554
1.71 -1.079549932968
1.72 -1.060778421806
1.73 -1.038990300119
1.74 -1.013662628632
1.75 -0.984348793920
1.76 -0.950656094540
1.77 -0.912316921394
1.80 -0.770107656995
1.81 -0.715668407599
1.82 -0.659339681103
1.83 -0.602276866075
1.84 -0.545484701648
1.85 -0.489650604403
1.86 -0.435242424889
1.87 -0.381350078932
1.88 -0.326925214338
1.89 0.268646833891
1.90 0.195934021536
1.91 0.021154937561
1.92 -0.087096303353
1.93 -0.146867884421
1.94 -0.155106324091
1.95 -0.162456995947
1.957 -0.167155851353
1.96 -0.169069501437
1.97 -0.175058848586
1.98 -0.180514561837
1.99 -0.185507777421
2.00 -0.190095293655
2.01 -0.194322748421
2.02 -0.198227887864
2.03 -0.201841747358
2.04 -0.205190081958
2.05 -0.208294762505
2.06 -0.211174105251
2.07 -0.196744391932
2.08 -0.199670364135
2.09 -0.202429244843
2.10 -0.205028637559
2.11 -0.207475176684
2.112 -0.207946691066
2.12 -0.209775057610
2.13 -0.211934126421
2.14 -0.213957816651
2.15 -0.215851521374
2.16 -0.217619368672
2.17 -0.219265913997
2.18 -0.220796121138
2.19 -0.222213799475
2.20 -0.223522918931
2.21 -0.224727229547
2.22 -0.225830333133
2.23 -0.226835674711
2.24 -0.227746507196
2.25 -0.228566046846
2.26 -0.229296993979
2.27 -0.229942150596
2.28 -0.230504161419
2.29 -0.230985466414
2.30 -0.231388304155
2.32 -0.231967033672
2.34 -0.232255990410
2.36 -0.232269068444
2.38 -0.232019217733
2.4 -0.231518344067
2.42 -0.230780014734
2.44 -0.229817158630
2.46 -0.228643174464
2.48 0.227275344932
2.5 0.225732296747
2.52 0.224036518473
2.54 0.222213575723
2.56 0.220290052254
2.58 0.218277832220
2.6 0.216208447594
2.62 0.214068980506
2.64 0.211850484563
2.66 0.209546742683
2.68 0.207159130384
2.7 0.204696007625
2.72 0.202166804322
2.74 -0.199581829221
2.76 -0.196948917637
2.78 -0.194274093232
2.8 -0.191561298205
2.82 -0.188812738674
2.84 -0.186029139984
2.86 -0.183209825071
2.88 -0.180351930484
2.90 -0.177453490045
2.92 -0.174511728423
2.94 -0.171524423580
2.96 -0.168489502321
2.98 -0.165407540282
3.00 -0.162279533500
3.02 -0.159108531663
3.04 -0.155885790444
3.06 -0.152644942766
3.08 -0.149371387209
3.10 -0.146089339805
3.12 -0.142798553189
3.14 -0.139507492328
3.16 -0.136224322888
3.18 -0.132957081856
3.20 -0.129714241413
3.22 -0.126499473195
3.24 -0.123295637291
3.26 -0.120157130084
3.28 -0.117063608141
3.30 -0.114018613572
3.35 -0.106636936698
3.4 -0.099607244535
3.45 -0.092946754203
3.5 -0.086648064710
