1.12 -1.156278276264
1.125 -1.152162134907
1.13 -1.148208232669
1.135 -1.144367610385
1.14 -1.140752033802
1.145 -1.137315539978
1.15 -1.134068215580
1.155 -1.131023290973
1.16 -1.128197689402
1.165 -1.125612434956
1.17 -1.123306461449
1.175 -1.121279851418
1.18 -1.119568959048
1.185 -1.118175214454
1.19 -1.117027112322
1.195 -1.115884332546
1.20 -1.113505471376
1.205 -1.104741746837
1.21 -1.077719993881
1.215 -1.060396560500
1.22 -1.050181585075
1.225 -1.094851875105
1.23 -1.090833842973
1.235 -1.086387750900
1.24 -1.080467433432
1.245 -1.294541497373
1.25 -1.322680053216
1.255 -1.335656029550
1.26 -1.342606703166
1.265 -1.346200315015
1.27 -1.347563911605
1.275 -1.347326254184
1.28 -1.345892263474
1.285 -1.343550688862
1.29 -1.340517738707
1.295 -1.337510016040
1.30 -1.333547125313
1.31 -1.324824749487
1.32 -1.315512184382
1.33 -1.305997668467
1.34 -1.296533542626
1.35 -1.287283370648
1.36 -1.278350947464
1.37 -1.232272057735
1.38 -1.226807951402
1.39 -1.221848970154
1.40 -1.217416657283
1.41 -1.213485866604
1.42 -1.210021359870
1.43 -1.206978925843
1.44 -1.204312671291
1.45 -1.201973170664
1.46 -1.199908436450
1.47 -1.198066982459
1.48 -1.196397310075
1.49 -1.194849235530
1.50 -1.193375518455
1.51 -1.191801040522
1.52 -1.190325104935
1.53 -1.188788369280
1.54 0.405337847468
1.55 0.408875162616
1.56 -0.412309009970
1.57 0.415542484981
1.58 -0.418587449542
1.59 -0.421454616674
1.60 -0.424153219439
1.61 -0.426693008963
1.62 -0.429081584295
1.63 0.431326342449
1.64 0.433434143120
1.65 0.435411303434
1.66 0.437263758594
1.67 0.438996872746
1.68 0.440615925610
1.69 0.442125783673
1.70 -0.443531116561
1.71 -0.444836427615
1.72 -0.446046085437
1.73 0.447164292758
1.74 -0.448195377566
1.75 -0.449143648185
1.76 -0.450013568072
1.77 0.450809792889
1.80 0.452808880568
1.81 -0.453364988554
1.82 0.453878181122
1.83 0.454357630069
1.84 0.454814546559
1.85 0.455262740295
1.86 0.455717764789
1.87 0.456206922096
1.88 0.456759556650
1.89 -0.457418923081
1.90 0.458226449561
1.91 -0.457321156305
1.92 -0.453256723940
1.93 0.447504815029
1.94 0.445259611868
1.95 -0.442993853670
1.957 0.441393837942
1.96 -0.440704337388
1.97 0.438388748342
1.98 -0.436045387556
1.99 -0.433673054977
2.00 0.431270914025
2.01 -0.428838502076
2.02 -0.426375520905
2.03 0.423881897583
2.04 0.421357709271
2.05 0.418803139781
2.06 0.416218462643
2.07 -0.421424294716
2.08 -0.418498258077
2.09 -0.415544631804
2.10 -0.412564796616
2.11 -0.409559865652
2.112 -0.408955952749
2.12 0.406530780426
2.13 -0.403478362349
2.14 -0.400403337853
2.15 -0.397306365875
2.16 -0.394188034523
2.17 -0.391048848679
2.18 0.387889334422
2.19 -0.384709963061
2.20 -0.381511181998
2.21 0.378293441141
2.22 -0.375057190808
2.23 -0.371802904470
2.24 -0.368531089708
2.25 0.365242313335
2.26 0.361937199897
2.27 0.358616452896
2.28 0.355280880606
2.29 -0.351931364541
2.30 -0.348568925123
2.32 0.341809768010
2.34 -0.335013459391
2.36 0.328191484975
2.38 0.321356370294
2.4 0.314521283976
2.42 0.307698709380
2.44 0.300900656870
2.46 0.294137664663
2.48 0.287416881670
2.5 -0.280741973900
2.52 0.274111584561
2.54 0.267519131246
2.56 -0.260954155957
2.58 -0.254399001660
2.6 0.247871827395
2.62 -0.241377646088
2.64 0.234938116548
2.66 -0.228572823749
2.68 -0.222291619984
2.7 -0.216094409908
2.72 0.209974953884
2.74 -0.203923127246
2.76 -0.197926946140
2.78 0.191973936939
2.8 -0.186051408936
2.82 0.180147947074
2.84 0.174253740463
2.86 -0.168361215020
2.88 0.162466141533
2.90 -0.156567142958
2.92 0.150666515644
2.94 -0.144769971459
2.96 0.138886288638
2.98 -0.133027650873
3.00 0.127207850007
3.02 -0.121442463883
3.04 -0.115760794522
3.06 -0.110152189784
3.08 0.104640182866
3.10 -0.099255887502
3.12 0.094005070685
3.14 0.088899906119
3.16 0.083950642372
3.18 0.079165556143
3.20 0.074550879825
3.22 0.070111068155
3.24 -0.065859379771
3.26 -0.061773379370
3.28 0.057866291541
3.30 -0.054136793875
3.35 0.045572999859
3.4 -0.038048086044
3.45 -0.031492495227
3.5 0.025819046977
