1.12 1.864938776785
1.125 1.868935024700
1.13 1.872935346137
1.135 1.876914577314
1.14 1.880907630807
1.145 1.884890224153
1.15 1.888858846736
1.155 1.892810327648
1.16 1.896741625167
1.165 1.900649000429
1.17 1.904527926177
1.175 1.908368457427
1.18 1.912157656374
1.185 1.915872686724
1.19 1.919474237459
1.195 1.922909044420
1.20 1.925954739665
1.205 1.927920994097
1.21 1.927166398722
1.215 1.927482978113
1.22 1.928457750947
1.225 1.936879328759
1.23 1.937262408769
1.235 1.937127966539
1.24 1.935958766092
1.245 1.965448771752
1.25 1.972673358215
1.255 1.975992510757
1.26 1.977667282679
1.265 1.978370575311
1.27 1.978396209075
1.275 1.977912672330
1.28 1.977031511648
1.285 1.975833145287
1.29 1.974377164523
1.295 1.972914581356
1.30 1.971067974956
1.31 1.966944992224
1.32 1.962337794737
1.33 1.957295920398
1.34 1.951828735809
1.35 1.945927805593
1.36 1.939580154318
1.37 1.928064786068
1.38 1.921674498834
1.39 1.914875956087
1.40 1.907669605046
1.41 1.900050715166
1.42 1.892015544621
1.43 1.883560975230
1.44 1.874684912624
1.45 1.865385909002
1.46 1.855663199251
1.47 1.845517387723
1.48 1.834949906576
1.49 1.823962986788
1.50 1.812560710754
1.51 1.800756666660
1.52 1.788542531594
1.53 1.775934011748
1.54 1.762941323104
1.55 1.749572630169
1.56 1.735839912063
1.57 1.721754793559
1.58 1.707328909878
1.59 1.692573945768
1.60 1.677495174742
1.61 1.662117129650
1.62 1.646444178826
1.63 1.630487168530
1.64 1.614256592655
1.65 1.597762512468
1.66 1.581015715127
1.67 1.564022791491
1.68 1.546793359509
1.69 1.529335322125
1.70 1.511655944105
1.71 1.493761747259
1.72 1.475656458513
1.73 1.457349094919
1.74 1.438841406225
1.75 1.420136052922
1.76 1.401234361363
1.77 1.382135937279
1.80 1.323625312647
1.81 1.303688246370
1.82 1.283510696754
1.83 1.263069288373
1.84 1.242331779741
1.85 1.221253460415
1.86 1.199770400295
1.87 1.177791731334
1.88 1.155174964021
1.89 1.131678364782
1.90 1.106817524779
1.91 1.083384958791
1.92 1.076502184753
1.93 1.090395297615
1.94 1.075422226066
1.95 1.060401834762
1.957 1.049871371032
1.96 1.045356233544
1.97 1.030304610229
1.98 1.015263850104
1.99 1.000248978219
2.00 0.985273612007
2.01 0.970349681229
2.02 0.955488304196
2.03 0.940699445762
2.04 0.925992062455
2.05 0.911374265603
2.06 0.896853253853
2.07 0.876545357886
2.08 0.862574133079
2.09 0.848689451491
2.10 0.834897929417
2.11 0.821205465616
2.112 0.818479330643
2.12 0.807617295145
2.13 0.794138109632
2.14 0.780772179656
2.15 0.767523416758
2.16 0.754395463072
2.17 0.741391604626
2.18 0.728515093568
2.19 0.715768984622
2.20 0.703156227071
2.21 0.690679685448
2.22 0.678342142301
2.23 0.666146300653
2.24 0.654094797641
2.25 0.642190170874
2.26 0.630434844207
2.27 0.618831137214
2.28 0.607381201413
2.29 0.596087036650
2.30 0.584950479490
2.32 0.563156320418
2.34 0.542008977436
2.36 0.521514909775
2.38 0.501676595364
2.4 0.482492644446
2.42 0.463957026812
2.44 0.446060232373
2.46 0.428789368445
2.48 0.412125992859
2.5 0.396048791026
2.52 0.380531903014
2.54 0.365545715997
2.56 0.351061403732
2.58 0.337043284741
2.6 0.323509029854
2.62 0.310444634284
2.64 0.297849312774
2.66 0.285711464306
2.68 0.274006764110
2.7 0.262703625204
2.72 0.251768918303
2.74 0.241171380045
2.76 0.230883492014
2.78 0.220882131048
2.8 0.211148292994
2.82 0.201667502447
2.84 0.192429841372
2.86 0.183428671874
2.88 0.174662696540
2.90 0.166131960866
2.92 0.157839506630
2.94 0.149789991753
2.96 0.141989806273
2.98 0.134443296480
3.00 0.127156813278
3.02 0.120135015352
3.04 0.113344074847
3.06 0.106861390155
3.08 0.100649264033
3.10 0.094705931543
3.12 0.089027640037
3.14 0.083609411732
3.16 0.078445082140
3.18 0.073527287170
3.20 0.068848357672
3.22 0.064399123190
3.24 0.060131929307
3.26 0.056117144307
3.28 0.052305141900
3.30 0.048687059333
3.35 0.040433397670
3.4 0.033209941432
3.45 0.026901920598
3.5 0.021412450390
