1.12 1.128227657505
1.125 1.124299158918
1.13 -1.119970559476
1.135 1.115275719029
1.14 -1.109821199901
1.145 1.103591700840
1.15 -1.096420782759
1.155 1.088120665008
1.16 -1.078484977954
1.165 -1.067295515619
1.17 1.054329115738
1.175 -1.039395438342
1.18 1.022331311539
1.185 1.003050655146
1.19 -0.981557191653
1.195 -0.957812048574
1.20 -0.932136570643
1.205 -0.903584208849
1.21 0.868857595987
1.215 -0.835314870005
1.22 -0.803094371862
1.225 -0.772423972151
1.23 0.740239807538
1.235 0.707724778135
1.24 0.674487738402
1.245 0.724462244645
1.25 0.690143613462
1.255 -0.655811907428
1.26 -0.624808231444
1.265 -0.598793258910
1.27 -0.578646117739
1.275 -0.564361122614
1.28 -0.555470514083
1.285 -0.551130352902
1.29 -0.550464022474
1.295 -0.552652227669
1.30 -0.556935210217
1.31 -0.569497660791
1.32 0.584335864844
1.33 0.599386936245
1.34 0.613292030348
1.35 0.625484944508
1.36 0.635820080154
1.37 -0.637428695393
1.38 0.644148244181
1.39 0.649776018754
1.40 0.654564786539
1.41 0.658675261424
1.42 -0.662251161476
1.43 -0.665406531119
1.44 0.668229721262
1.45 -0.670787900385
1.46 -0.673130834597
1.47 -0.675294975288
1.48 -0.677306273873
1.49 0.679182788264
1.50 0.680936902893
1.51 -0.682758750126
1.52 -0.684291273134
1.53 -0.685717336886
1.54 -0.515073470822
1.55 -0.515410306569
1.56 -0.515353281895
1.57 -0.514893562479
1.58 -0.514023238913
1.59 -0.512729563517
1.60 -0.510772612939
1.61 -0.508551000221
1.62 -0.505831393611
1.63 -0.502575338414
1.64 -0.498735777672
1.65 -0.494256874034
1.66 -0.488860437602
1.67 -0.482850309278
1.68 -0.475958653618
1.69 -0.468081216589
1.70 -0.459100780594
1.71 -0.448889163339
1.72 -0.437326743224
1.73 -0.424265169536
1.74 -0.409595429882
1.75 -0.393244805672
1.76 -0.375214523221
1.77 -0.355618791750
1.80 -0.291147601984
1.81 -0.269824782609
1.82 -0.250020648182
1.83 -0.232672609404
1.84 -0.218684535561
1.85 -0.208923469638
1.86 -0.204271669024
1.87 -0.205885989000
1.88 -0.215521563389
1.89 0.236884545564
1.90 0.281385611784
1.91 0.444297447819
1.92 0.550819395685
1.93 0.606111432427
1.94 0.609172248336
1.95 0.611317167115
1.957 0.612333805138
1.96 0.612656377008
1.97 0.613273702557
1.98 0.613234095462
1.99 0.612588532862
2.00 0.611377897252
2.01 0.609635768406
2.02 0.607389823237
2.03 0.604664077865
2.04 0.601479777309
2.05 0.597856497976
2.06 0.593812891667
2.07 0.558345931714
2.08 0.554566864182
2.09 0.550450367074
2.10 0.546006901528
2.11 0.541249297846
2.112 0.540261378295
2.12 0.536192798582
2.13 0.530855047424
2.14 0.525255956785
2.15 0.519417764692
2.16 0.513364290754
2.17 0.507120548627
2.18 0.500714244921
2.19 0.494173091634
2.20 0.487525577384
2.21 0.480800180459
2.22 0.474024966620
2.23 0.467227092101
2.24 0.460432400770
2.25 0.453665038447
2.26 0.446947055518
2.27 0.440298325143
2.28 0.433736170487
2.29 0.427275437689
2.30 0.420928464907
2.32 0.408613060462
2.34 0.396841656597
2.36 0.385634322705
2.38 0.374985732999
2.4 0.364872161997
2.42 0.355259930228
2.44 0.346108728475
2.46 0.337369182473
2.48 -0.329000304141
2.5 -0.320960824323
2.52 -0.313214375628
2.54 -0.305730101193
2.56 -0.298483745224
2.58 -0.291338045651
2.6 -0.284525538504
2.62 -0.277909772658
2.64 -0.271483207235
2.66 -0.265242657517
2.68 -0.259188682104
2.7 -0.253326397940
2.72 -0.247664603734
2.74 0.242214553305
2.76 0.236988440790
2.78 0.231998252433
2.8 0.227253303221
2.82 0.222760521134
2.84 0.218522519012
2.86 0.214538224540
2.88 0.210798211201
2.90 0.207291692850
2.92 0.204002334651
2.94 0.200910246460
2.96 0.197994003613
2.98 0.195228796290
3.00 0.192591708313
3.02 0.190059099077
3.04 0.187627967802
3.06 0.185240362867
3.08 0.182864086459
3.10 0.180556628917
3.12 0.178268620682
3.14 0.175990555808
3.16 0.173715158353
3.18 0.171437587254
3.20 0.169143097847
3.22 0.166853874475
3.24 0.164580323188
3.26 0.162274788646
3.28 0.159963083956
3.30 0.157647094511
3.35 0.151853890930
3.4 0.146089344026
3.45 0.140337543460
3.5 0.134753802022
