1.12 0.806290428388
1.125 0.837201253451
1.13 0.870170931818
1.135 0.905700380656
1.14 0.943074401906
1.145 0.982726773879
1.15 1.024657905566
1.155 1.068801202087
1.16 1.114997378502
1.165 1.162963275763
1.17 1.212260832965
1.175 1.262249597464
1.18 1.312071764747
1.185 1.360608011030
1.19 1.406429130271
1.195 1.447258814127
1.20 1.480920218351
1.205 1.499264791968
1.21 1.491400152528
1.215 1.493735673070
1.22 1.497023020408
1.225 1.523170654700
1.23 1.509547140093
1.235 1.485781449997
1.24 1.448923128281
1.245 1.358314019599
1.25 1.334449818588
1.255 1.291081685469
1.26 1.236800909858
1.265 1.173989916507
1.27 1.104078506887
1.275 1.028110471744
1.28 0.946996562593
1.285 0.861636082598
1.29 0.772906207310
1.295 0.681829914996
1.30 0.589233983626
1.31 0.403236369798
1.32 0.221337854492
1.33 0.048458635090
1.34 -0.112255008397
1.35 -0.259280132860
1.36 -0.392342659705
1.37 -0.587015454916
1.38 -0.687726794041
1.39 -0.777880110699
1.40 -0.858763911128
1.41 -0.931583872829
1.42 -0.997405302926
1.43 -1.057149095282
1.44 -1.111608953801
1.45 -1.161458989867
1.46 -1.207270191543
1.47 -1.249526266335
1.48 -1.288637608628
1.49 -1.324953783480
1.50 -1.358772451057
1.51 -1.390349641923
1.52 -1.419901077359
1.53 -1.447617660303
1.54 -1.473664880864
1.55 -1.498180300066
1.56 -1.521292199491
1.57 -1.543110926063
1.58 -1.563732843262
1.59 -1.583242974319
1.60 -1.601734052347
1.61 -1.619236408374
1.62 -1.635826417411
1.63 -1.651555824047
1.64 -1.666469271852
1.65 -1.680606333827
1.66 -1.693985116687
1.67 -1.706666251000
1.68 -1.718656232206
1.69 -1.729972844137
1.70 -1.740628520288
1.71 -1.750629627462
1.72 -1.759974913869
1.73 -1.768660005966
1.74 -1.776667984246
1.75 -1.783972304504
1.76 -1.790536379436
1.77 -1.796306060824
1.80 -1.807964771042
1.81 -1.809497584262
1.82 -1.809480196689
1.83 -1.807549429103
1.84 -1.803179936670
1.85 -1.795584073132
1.86 -1.783518820164
1.87 -1.764882671739
1.88 -1.735710816078
1.89 -1.687057832428
1.90 -1.589776233800
1.91 -1.156107496363
1.92 -0.728262559599
1.93 -0.026130382983
1.94 -0.007318756502
1.95 0.007080774177
1.957 0.014892303926
1.96 0.017724068014
1.97 0.025132601699
1.98 0.029730001466
1.99 0.031867165899
2.00 0.031840081958
2.01 0.029903197512
2.02 0.026277670000
2.03 0.021159362889
2.04 0.014723680908
2.05 0.007129637546
2.06 -0.001477028993
2.07 0.014703008895
2.08 0.004285572949
2.09 -0.007176927636
2.10 -0.019496442484
2.11 -0.032503361727
2.112 -0.035173292881
2.12 -0.046041702025
2.13 -0.059966262243
2.14 -0.074140605557
2.15 -0.088436144557
2.16 -0.102731591529
2.17 -0.116913441509
2.18 -0.130875647799
2.19 -0.144520633809
2.20 -0.157759841942
2.21 -0.170514334826
2.22 -0.182715328052
2.23 -0.194304596275
2.24 -0.205234681975
2.25 -0.215468877134
2.26 -0.224980980408
2.27 -0.233754820612
2.28 -0.241783666092
2.29 -0.249069295728
2.30 -0.255621157862
2.32 -0.266593869765
2.34 -0.274892074765
2.36 -0.280763947151
2.38 -0.284487748577
2.4 -0.286348252872
2.42 -0.286621879052
2.44 -0.285564344844
2.46 -0.283410073411
2.48 -0.280360669554
2.5 -0.276591841509
2.52 -0.272251766352
2.54 -0.267465129601
2.56 -0.262335478434
2.58 -0.256794227132
2.6 -0.251236107296
2.62 -0.245549533011
2.64 -0.239782943820
2.66 -0.233974453340
2.68 -0.228155387007
2.7 -0.222351949493
2.72 -0.216584665249
2.74 -0.210870812975
2.76 -0.205224549415
2.78 -0.199656879282
2.8 -0.194179094688
2.82 -0.188798386562
2.84 -0.183521689235
2.86 -0.178354037526
2.88 -0.173302549781
2.90 -0.168370931926
2.92 -0.163563354159
2.94 -0.158883397857
2.96 -0.154332907827
2.98 -0.149916007476
3.00 -0.145632845868
3.02 -0.141483707355
3.04 -0.137467583867
3.06 -0.133581773813
3.08 -0.129827125489
3.10 -0.126197252782
3.12 -0.122687863517
3.14 -0.119294248920
3.16 -0.116010992998
3.18 -0.112832140712
3.20 -0.109750109128
3.22 -0.106762640334
3.24 -0.103853887067
3.26 -0.101034037426
3.28 -0.098290331109
3.30 -0.095617747569
3.35 -0.089217777800
3.4 -0.083172022559
3.45 -0.077461661084
3.5 -0.071990323993
