1.12 0.296456390468
1.125 0.288392522816
1.13 0.280273894200
1.135 0.270997636183
1.14 0.262881342792
1.145 0.254894906542
1.15 0.247095537523
1.155 0.239528494966
1.16 0.232218648474
1.165 0.225159695114
1.17 0.218243810849
1.175 0.211490966940
1.18 0.204688734656
1.185 0.197642850614
1.19 0.190157580583
1.195 0.183243301704
1.20 0.174979782727
1.205 0.168989309766
1.21 0.170381041839
1.215 0.164968475593
1.22 0.154401713931
1.225 0.113694556714
1.23 0.096168369778
1.235 0.077644985834
1.24 0.060516071579
1.245 -0.052909953906
1.25 -0.081763196101
1.255 -0.103882210886
1.26 -0.125311367929
1.265 -0.145540139665
1.27 -0.164931060147
1.275 -0.183661972492
1.28 -0.201761527101
1.285 -0.219240738728
1.29 -0.235876700961
1.295 -0.252205799910
1.30 -0.267736680159
1.31 -0.296628094014
1.32 -0.322571964360
1.33 -0.345614565189
1.34 -0.365920375212
1.35 -0.383730228713
1.36 -0.399317580060
1.37 -0.424571403169
1.38 -0.437620867279
1.39 -0.448669140527
1.40 -0.458406026641
1.41 -0.466999687142
1.42 -0.474589670061
1.43 -0.481301009529
1.44 -0.487220327818
1.45 -0.492424176075
1.46 -0.496979905895
1.47 -0.500944353149
1.48 -0.504364205804
1.49 -0.507276185980
1.50 -0.509712408763
1.51 -0.511636623163
1.52 -0.513182825850
1.53 -0.514313234406
1.54 0.686854212188
1.55 0.688618251383
1.56 -0.689716097837
1.57 0.690709082946
1.58 -0.691595029016
1.59 -0.692370914061
1.60 -0.693032006022
1.61 -0.693574735402
1.62 -0.693992011364
1.63 0.694276275147
1.64 0.694418274858
1.65 0.694407256137
1.66 0.694230502394
1.67 0.693873072858
1.68 0.693317523656
1.69 0.692543588835
1.70 -0.691527599536
1.71 -0.690241843487
1.72 -0.688653945412
1.73 0.686725868199
1.74 -0.684412618043
1.75 -0.681660424339
1.76 -0.678406036091
1.77 0.674572499316
1.80 0.658535799415
1.81 -0.651186503874
1.82 0.642481408924
1.83 0.632104997959
1.84 0.619626100590
1.85 0.604431610906
1.86 0.585605533187
1.87 0.561669597028
1.88 0.529971550649
1.89 -0.484806994553
1.90 0.408554032042
1.91 -0.150673506364
1.92 0.038031524414
1.93 -0.228244659739
1.94 -0.239755867033
1.95 0.249722800835
1.957 -0.255897016665
1.96 0.258358514685
1.97 -0.265827276062
1.98 0.272257663075
1.99 0.277751761501
2.00 -0.282391535163
2.01 0.286243976434
2.02 0.289364006225
2.03 -0.291797248508
2.04 -0.293582218992
2.05 -0.294751902218
2.06 -0.295335064018
2.07 0.288260759035
2.08 0.288301433542
2.09 0.287714993284
2.10 0.286535408292
2.11 0.284794275986
2.112 0.284381378306
2.12 -0.282522370073
2.13 0.279750653447
2.14 0.276511164010
2.15 0.272837548645
2.16 0.268765547553
2.17 0.264332638955
2.18 -0.259578653669
2.19 0.254545140592
2.20 0.249275023990
2.21 -0.243812179684
2.22 0.238200778596
2.23 0.232484641979
2.24 0.226706589044
2.25 -0.220907778693
2.26 -0.215127126148
2.27 -0.209400798065
2.28 -0.203761803459
2.29 0.198239696285
2.30 0.192860429471
2.32 -0.182615814098
2.34 0.173163049617
2.36 -0.164584440161
2.38 -0.156917810736
2.4 -0.150166955146
2.42 -0.144308277842
2.44 -0.139304163692
2.46 -0.135107594310
2.48 -0.131665186554
2.5 0.128924708586
2.52 -0.126835038885
2.54 -0.125347852053
2.56 0.124418410018
2.58 0.123909301533
2.6 -0.123986149157
2.62 0.124518004397
2.64 -0.125480864721
2.66 0.126851446040
2.68 0.128603335082
2.7 0.130704210320
2.72 -0.133115011310
2.74 0.135788943500
2.76 0.138671860199
2.78 -0.141703719311
2.8 0.144818721107
2.82 -0.147950265859
2.84 -0.151032332250
2.86 0.154001622078
2.88 -0.156803454829
2.90 0.159388705521
2.92 -0.161718243928
2.94 0.163762673997
2.96 -0.165502246500
2.98 0.166925459243
3.00 -0.168029177006
3.02 0.168816865457
3.04 0.169311179328
3.06 0.169496423355
3.08 -0.169368126750
3.10 0.169012976452
3.12 -0.168415232368
3.14 -0.167593864915
3.16 -0.166567738012
3.18 -0.165355265219
3.20 -0.163973852945
3.22 -0.162440130402
3.24 0.160799086901
3.26 0.159005077471
3.28 -0.157101958932
3.30 0.155102056256
3.35 -0.149751101570
3.4 0.144017759600
3.45 0.137969866606
3.5 -0.131829162414
