1.12 -1.468594133541
1.125 -1.480443033722
1.13 -1.460989184125
1.135 -1.242483974253
1.14 -0.742255242775
1.145 0.481892634337
1.15 -0.365351211769
1.155 -0.301635659573
1.16 -0.260935742702
1.165 -0.233242697756
1.17 -0.212910805309
1.175 -0.197335350491
1.18 0.185035717948
1.185 -0.174723812870
1.19 -0.231707286377
1.195 -0.214895563658
1.20 0.201404053128
1.205 0.190409446626
1.21 -0.181085172198
1.215 -0.173568706557
1.22 -0.167287365613
1.225 -0.162022194433
1.23 0.157606645995
1.235 -0.153912181162
1.24 -0.150837694632
1.245 0.148303118878
1.25 -0.146244436896
1.255 0.144610100401
1.26 0.143358374454
1.265 0.142455457778
1.27 -0.141873958368
1.275 -0.141591841270
1.28 0.141590465359
1.285 -0.141856200533
1.29 0.142253476156
1.295 -0.143034855919
1.30 -0.144061499630
1.31 0.146844137884
1.32 0.150611900556
1.33 -0.155412591336
1.34 -0.161333892119
1.35 -0.168509528944
1.36 0.177129800823
1.37 0.187460003600
1.38 0.199867993735
1.39 0.214867976487
1.40 -0.233191540779
1.41 0.255906671657
1.42 -0.284626606784
1.43 0.321897538106
1.44 -0.371971492108
1.45 -0.442492116987
1.46 0.548628580443
1.47 -0.724905763205
1.48 1.067132425323
1.49 -1.901382477009
1.50 -2.809093005682
1.51 1.479260434938
1.52 0.878300147124
1.53 -0.611477358198
1.54 -0.465120712561
1.55 0.000001675355
1.56 0.000001738123
1.57 0.000001793137
1.58 -0.000000542657
1.59 -0.000000547693
1.60 0.000000553585
1.61 0.000000558244
1.62 0.000000567788
1.63 -0.000000570626
1.64 0.000000576650
1.65 -0.000000573761
1.66 0.000000564001
1.67 -0.000000553216
1.68 0.000000517269
1.69 -0.000000478938
1.70 -0.000000425731
1.71 -0.000000351380
1.72 0.000000252940
1.73 0.000000127167
1.74 -0.000000033312
1.75 -0.000000208611
1.76 0.000000396656
1.77 -0.000000577634
1.80 0.000001106217
1.81 0.000001262488
1.82 0.000001408353
1.83 0.000001544857
1.84 0.000001674825
1.85 -0.000001797774
1.86 -0.000001915304
1.87 0.000002027893
1.88 0.000000217977
1.89 0.000000221224
1.90 -0.000000221020
1.91 -0.000000218353
1.92 -0.000000217659
1.93 -0.000000218725
1.94 -0.000000220455
1.95 -0.000000217645
1.957 -0.000000215796
1.96 0.000000214804
1.97 -0.000000204018
1.98 -0.000000189996
1.99 -0.000000249050
2.00 -0.000000239585
2.01 0.000000226598
2.02 -0.000000209085
2.03 0.000000183224
2.04 -0.000000148538
2.05 0.000000096017
2.06 0.000000217729
2.07 0.000000352666
2.08 0.000000453459
2.09 0.000001594067
2.10 0.000001640827
2.11 0.000002417602
2.112 0.000002445782
2.12 0.000002559701
2.13 0.000002705601
2.14 -0.000002855604
2.15 0.000002455451
2.16 0.000002508586
2.17 0.000002563290
2.18 0.000002617799
2.19 -0.000002676049
2.20 -0.000002731302
2.21 0.000002788614
2.22 -0.000002843401
2.23 0.000002890302
2.24 0.000002932146
2.25 0.000002957998
2.26 -0.000002963358
2.27 0.000002938966
2.28 -0.000002873809
2.29 -0.000002619715
2.30 0.000002390696
2.32 -0.000001654957
2.34 -0.000000593837
2.36 0.000000494740
2.38 -0.000001320349
2.4 0.000002418246
2.42 0.000005945708
2.44 -0.000008718454
2.46 -0.000001199508
2.48 0.000000727183
2.5 -0.000001800384
2.52 0.000002557616
2.54 0.000003185671
2.56 0.000003651160
2.58 -0.000003969334
2.6 -0.000004200880
2.62 0.000004377006
2.64 0.000001072678
2.66 -0.000000916947
2.68 0.000005975655
2.7 -0.000005754532
2.72 0.000005535941
2.74 -0.000005350541
2.76 0.000005181617
2.78 0.000004902136
2.8 -0.000004599660
2.82 0.000004359495
2.84 0.000001310205
2.86 -0.000001664391
2.88 0.000002005890
2.90 -0.000002350644
2.92 -0.000002614410
2.94 -0.000002941841
2.96 0.000003307093
2.98 -0.000003547771
3.00 0.000003875459
3.02 -0.000004158237
3.04 -0.000004457075
3.06 0.000004713501
3.08 0.000004970326
3.10 0.000005191990
3.12 -0.000005438592
3.14 -0.000005679427
3.16 0.000005934822
3.18 -0.000006195976
3.20 0.000006470027
3.22 0.000006760636
3.24 -0.000007064920
3.26 0.000007388088
3.28 -0.000007719115
3.30 -0.000008064206
3.35 -0.000008938166
3.4 0.000009713480
3.45 -0.000010291953
3.5 -0.000010591642
