-0.000000649209
-0.000000379897
0.000001240100
0.000001008487
0.000001144493
0.000000912028
0.000000338854
0.000000342171
0.000000354059
0.000000368169
0.000000966938
0.000001026997
0.000001056686
0.000001071566
0.000001054334
0.000001021597
0.000000950812
0.000001334218
0.000001255250
0.000001132605
0.000001056830
0.000000968016
0.000000895500
0.000000841038
0.000000821515
0.000000829776
0.000000875098
0.000002191943
0.000002718081
0.000003415931
0.000004293172
0.000005322976
0.000006428087
0.000005073821
0.000005233446
0.000005238327
0.000008942585
0.000003915756
0.000003062268
0.000002261196
0.000001651470
-0.000001196070
0.000000860939
-0.000001949505
-0.000001637380
-0.000001417263
0.000000305458
0.000000271554
0.000000483858
0.000000653526
0.000000778516
0.000000864322
0.000000920263
0.000000942773
0.000000936140
-0.000000901231
0.000000842880
-0.000000763701
0.000000669988
0.000000564553
0.000000448933
-0.000000325426
-0.000000195709
0.000000061987
0.000000073676
0.000000210507
-0.000000344859
-0.000000478894
0.000000618680
0.000000762892
-0.000000905928
0.000001050534
-0.000001195798
-0.000001339472
0.000001477664
0.000001603772
0.000001705686
0.000001771586
0.000001790925
0.000001749442
-0.000001645176
0.000001487574
-0.000001291314
-0.000000643905
-0.000000446015
0.000000264511
0.000000100993
0.000000044383
-0.000000171543
0.000000280355
0.000000371312
-0.000001235432
-0.000001223196
-0.000001281925
0.000001348532
-0.000001411083
-0.000001476516
-0.000001543846
-0.000001610368
-0.000001612744
-0.000001629913
-0.000001364708
-0.000001383120
-0.000001392979
-0.000001159675
0.000001126648
-0.000001059773
0.000000973330
-0.000000872580
0.000000841720
-0.000000034830
0.000000044413
-0.000000032286
0.000002533123
-0.000002541787
-0.000002589447
0.000002621943
0.000002645585
0.000002732567
0.000001789652
-0.000001732803
-0.000000740230
-0.000000719331
-0.000000694824
-0.000000667031
0.000000636495
0.000000602445
0.000000566639
-0.000000529678
0.000000490881
0.000000450876
0.000000409078
-0.000000308223
-0.000000265216
-0.000000175526
0.000000097981
-0.000000033346
-0.000000522381
-0.000000614313
-0.000000160196
-0.000000236891
0.000000273381
0.000000313386
0.000000373527
-0.000000436704
0.000000495087
-0.000000551250
-0.000000609596
0.000000678313
0.000000742312
-0.000000671338
0.000001710684
-0.000001694748
0.000001651391
-0.000001633407
0.000001597615
-0.000001532811
0.000001444512
-0.000001350305
-0.000001257121
-0.000001150415
0.000001088808
-0.000001016287
0.000000858373
-0.000000774510
-0.000000989964
0.000000556661
-0.000000142743
-0.000000159536
-0.000000274113
0.000000415211
0.000000573544
-0.000000768699
-0.000000835322
-0.000000929674
-0.000001018424
0.000001102799
-0.000001179507
-0.000001268583
-0.000001362808
0.000001471698
-0.000001593451
-0.000001914795
-0.000002292131
-0.000002714228
-0.000003143072
