1.12 0.569161594543
1.125 0.818968289015
1.13 1.329349651674
1.135 -2.131461296006
1.14 -1.655691987749
1.145 1.044749272423
1.15 -0.746080251288
1.155 -0.583684497299
1.16 -0.484217488572
1.165 -0.417458843773
1.17 -0.369997693322
1.175 -0.334734894021
1.18 0.307650656219
1.185 -0.286493280634
1.19 0.000002541918
1.195 0.000004293910
1.20 -0.000003723079
1.205 -0.000003239691
1.21 0.000000997809
1.215 0.000000842554
1.22 0.000000708823
1.225 0.000000593695
1.23 -0.000000495067
1.235 0.000000313733
1.24 0.000000244732
1.245 -0.000000184786
1.25 0.000000134549
1.255 -0.000000093160
1.26 -0.000000809226
1.265 -0.000000697657
1.27 0.000000600479
1.275 0.000000516347
1.28 -0.000000444163
1.285 0.000000381574
1.29 -0.000000376603
1.295 0.000000397000
1.30 0.000000419460
1.31 -0.000000467843
1.32 -0.000000513353
1.33 0.000000521879
1.34 -0.000001570853
1.35 -0.000001584108
1.36 0.000001597870
1.37 0.000001622119
1.38 0.000001626096
1.39 0.000001631535
1.40 -0.000001639783
1.41 0.000001652008
1.42 -0.000001666118
1.43 0.000001687769
1.44 -0.000001714069
1.45 -0.000001744996
1.46 0.000001778667
1.47 -0.000001683345
1.48 0.000001728476
1.49 -0.000001819977
1.50 -0.000001935772
1.51 -0.000001510038
1.52 -0.000001412495
1.53 -0.000001431254
1.54 -0.000001455575
1.55 -0.000001354501
1.56 -0.000001342733
1.57 -0.000001326742
1.58 0.000000255194
1.59 0.000000262237
1.60 0.000000272285
1.61 0.000000277353
1.62 0.000000298993
1.63 0.000000312892
1.64 0.000000322714
1.65 0.000000333671
1.66 0.000000350527
1.67 0.000000366428
1.68 0.000000390481
1.69 0.000000407054
1.70 0.000000419332
1.71 0.000000421925
1.72 0.000000404944
1.73 0.000000364618
1.74 0.000000299883
1.75 0.000000218293
1.76 0.000000116659
1.77 -0.000000374406
1.80 -0.000000711942
1.81 -0.000000828479
1.82 -0.000000943584
1.83 -0.000001055692
1.84 -0.000001164463
1.85 -0.000001270123
1.86 -0.000001370145
1.87 -0.000001470873
1.88 -0.000003479900
1.89 -0.000003306694
1.90 -0.000003325157
1.91 -0.000003330528
1.92 -0.000003319413
1.93 -0.000003286825
1.94 -0.000003275102
1.95 -0.000003218248
1.957 -0.000003181733
1.96 -0.000003169372
1.97 -0.000003287576
1.98 -0.000003163009
1.99 -0.000002467700
2.00 -0.000002571632
2.01 -0.000002680889
2.02 -0.000002797972
2.03 -0.000002941394
2.04 -0.000003075410
2.05 -0.000003204946
2.06 -0.000002971584
2.07 -0.000002776610
2.08 -0.000002829627
2.09 -0.000002219554
2.10 -0.000002227618
2.11 -0.000002429679
2.112 -0.000002433123
2.12 -0.000002444023
2.13 -0.000002449332
2.14 -0.000002449753
2.15 -0.000001584390
2.16 -0.000001568718
2.17 -0.000001552699
2.18 -0.000001533167
2.19 -0.000001516420
2.20 -0.000001934964
2.21 -0.000001927185
2.22 -0.000001919750
2.23 -0.000001952204
2.24 -0.000001957366
2.25 -0.000001967931
2.26 -0.000001990270
2.27 -0.000002031111
2.28 -0.000002106353
2.29 -0.000001529940
2.30 -0.000001694077
2.32 -0.000002499665
2.34 -0.000004493985
2.36 -0.000008403563
2.38 -0.000014487700
2.4 -0.000017008923
2.42 0.000001369145
2.44 0.000013471968
2.46 0.000042558750
2.48 0.000042183315
2.5 0.000040507288
2.52 0.000038665878
2.54 0.000036875566
2.56 0.000035017310
2.58 0.000033141713
2.6 0.000031257173
2.62 0.000029159393
2.64 0.000043249844
2.66 0.000040259504
2.68 0.000006434337
2.7 0.000006016238
2.72 0.000005567749
2.74 0.000005232276
2.76 0.000004922675
2.78 0.000004693633
2.8 0.000004415756
2.82 0.000004179616
2.84 0.000005618826
2.86 0.000004449681
2.88 0.000003373936
2.90 0.000002375293
2.92 0.000001512388
2.94 0.000000666992
2.96 -0.000000159652
2.98 -0.000000945414
3.00 -0.000001556761
3.02 -0.000002074805
3.04 -0.000002474547
3.06 -0.000002843927
3.08 -0.000003129313
3.10 -0.000003397592
3.12 -0.000003584497
3.14 -0.000003719341
3.16 -0.000003799519
3.18 -0.000003843659
3.20 -0.000003863550
3.22 -0.000003860401
3.24 -0.000003837184
3.26 -0.000003800238
3.28 -0.000003740611
3.30 -0.000003674583
3.35 -0.000003483630
3.4 -0.000003220160
3.45 -0.000002931315
3.5 -0.000002601720
