1.359824508100
1.350876187639
1.342043566411
1.333342459255
1.324792204672
1.316417815488
1.308253461950
1.300348197404
1.292775561620
1.285650682224
1.279162136094
1.273637006798
1.269692196692
1.268677080566
1.274783614481
1.342509203226
1.341985815398
1.336259771810
1.329317189150
1.321795293877
1.198700508814
1.194864889740
1.192971381039
1.194285037425
1.201014099824
1.216412559444
1.241044604181
1.264189847038
1.277170509433
1.282479385832
1.283496447901
1.282076742239
1.279178694239
1.275320599350
1.270800269699
1.265798681230
1.260431276718
1.248881977920
1.236526360552
1.223558380623
1.194186804044
1.176751192305
1.158795781897
1.140328348732
1.121351256258
1.101863704821
1.081862886660
1.061344556310
1.040302933606
1.018730248444
0.996615906138
0.973945364176
0.950698990084
0.926850413553
0.902362731171
0.877189822309
0.851325247839
0.824547223692
0.796855903483
0.768144086224
-0.000016020866
-0.000014547417
-0.000012916748
-0.000011228471
-0.000009562189
-0.000007987447
-0.000006543899
-0.000005245519
-0.000001355180
-0.000000664777
-0.000000091869
0.000000389413
0.000000807509
0.000001173861
0.000001656295
0.000001934056
0.000002173198
0.000002377915
0.000002547665
0.000004856604
0.000004295499
0.000004332218
0.000004331369
0.000004297491
0.000003992967
0.000003839830
0.000003688007
0.000003546569
0.000003421727
0.000003332908
0.000003262648
0.000003251941
0.000003298408
0.000006174663
0.000006295168
0.000006390914
0.000006435193
0.000006313415
0.000005621591
0.000003231388
-0.000000500445
-0.000000468718
-0.000000359794
-0.000000244914
-0.000000202623
-0.000000078430
-0.000000332667
-0.000000184561
0.000000177816
0.000000382430
0.000000608338
0.000000862611
0.000001146591
0.000001467705
0.000001774511
0.000002211202
0.000002400483
0.000002817934
0.000005155815
0.000005576474
0.000006021328
0.000006488386
0.000006973977
0.000007474040
0.000007980570
0.000008487651
0.000008987936
0.000009461904
0.000009914058
0.000010325092
0.000010696075
0.000011017052
0.000011285415
0.000011501739
0.000011656156
0.000011761275
0.000011828108
0.000011737344
0.000011520532
0.000011214008
0.000010846159
0.000010440990
0.000010017341
0.000009585559
0.000001568869
0.000002010247
0.000002463557
0.000002906523
0.000003315219
0.000003677466
0.000003984585
0.000004214818
0.000004427190
0.000004623497
0.000004805649
0.000004983357
0.000005172530
0.000004664627
0.000004900494
0.000005166308
0.000005454973
0.000005748238
0.000006042925
0.000006323967
0.000006579147
0.000006799151
0.000007350986
0.000007485010
0.000007547763
0.000007579700
0.000007546077
0.000009752608
0.000009149939
0.000008457635
0.000007685708
0.000006859525
-0.000005976729
0.000005082483
-0.000004193048
-0.000003305781
0.000002676738
-0.000001814574
-0.000001008196
-0.000000277506
-0.000000342584
0.000000892810
-0.000001829700
-0.000002122949
0.000001935828
0.000001836374
