1.12 -1.702598085870
1.125 -1.743796108475
1.13 -1.778112390918
1.135 -1.806598041934
1.14 -1.830163433052
1.145 -1.849577027890
1.15 -1.865727065501
1.155 -1.878632568712
1.16 -1.888988700248
1.165 -1.897152930965
1.17 -1.903419232890
1.175 -1.908028729272
1.18 -1.911177836368
1.185 -1.913020763690
1.19 -1.913649867884
1.195 -1.912766525267
1.20 -1.913388014891
1.205 -1.913254075567
1.21 -1.912366000176
1.215 -1.910794678391
1.22 -1.910486618095
1.225 -1.906740903856
1.23 -1.902474921807
1.235 -1.897673904146
1.24 -1.892283449883
1.245 -1.886247805799
1.25 -1.879790511638
1.255 -1.873653641728
1.26 -1.868025244714
1.265 -1.862563031448
1.27 -1.857072152131
1.275 -1.851489858770
1.28 -1.845803358876
1.285 -1.840016723966
1.29 -1.834139187469
1.295 -1.828181471358
1.30 -1.822154034560
1.31 -1.809925745892
1.32 -1.797516529457
1.33 -1.784967628290
1.34 -1.783419547658
1.35 -1.770711549101
1.36 -1.757811274479
1.37 -1.744696579799
1.38 -1.731327792852
1.39 -1.717920926458
1.40 -1.703838651936
1.41 -1.689240328454
1.42 -1.673950335375
1.43 -1.657696081041
1.44 -1.640023179888
1.45 -1.620107136146
1.46 -1.596301402275
1.47 -1.564947519264
1.48 -1.516995010961
1.49 -1.428862486082
1.50 -1.252470787628
1.51 -0.978085795739
1.52 -0.715384190260
1.53 -0.531331161066
1.54 -0.411749649612
1.55 -0.332408648470
1.56 -0.277587441288
1.57 -0.238257919166
1.58 -0.209143154119
1.59 -0.187092624520
1.60 -0.170117783159
1.61 -0.156921799824
1.62 -0.146633117200
1.63 -0.138652895206
1.64 -0.132564754365
1.65 -0.128080407802
1.66 -0.125006113654
1.67 -0.123223510429
1.68 -0.122680908922
1.69 -0.123392074957
1.70 -0.125444850011
1.71 -0.129022729321
1.72 -0.134446597357
1.73 -0.142254151744
1.74 -0.153350809395
1.75 -0.169320553436
1.76 -0.193087315310
1.77 -0.230383623270
1.80 -0.524591635545
1.81 -0.597110266092
1.82 -0.610286493714
1.83 -0.598838817942
1.84 -0.578627556146
1.85 -0.555150566089
1.86 -0.530450687838
1.87 -0.505368162561
1.88 -0.480275141497
1.89 -0.455345647651
1.90 -0.430671311177
1.91 -0.406329066233
1.92 -0.382457378401
1.93 -0.359468346232
1.94 -0.339306213265
1.95 -0.330546363120
1.957 -0.362968479250
1.96 -0.355517014676
1.97 -0.330882288814
1.98 -0.306548643653
1.99 -0.282500833147
2.00 -0.258722361359
2.01 -0.235199375419
2.02 -0.211915505438
2.03 -0.188856918192
2.04 -0.166010727159
2.05 -0.143364088109
2.06 -0.120905807431
2.07 -0.098625585339
2.08 -0.076514213595
2.09 -0.054563640433
2.10 -0.032766911557
2.11 -0.011118240530
2.112 -0.006805884459
2.12 0.010387112642
2.13 -0.006075114721
2.14 0.016309315954
2.15 0.038566913513
2.16 0.060706988000
2.17 0.082736982406
2.18 0.104669975368
2.19 0.126518579804
2.20 0.148297243872
2.21 0.170021771013
2.22 0.191710109554
2.23 0.213380998041
2.24 0.235054008999
2.25 0.256748129444
2.26 0.278481835858
2.27 0.300271569745
2.28 0.322131825118
2.29 0.344074777101
2.30 0.366109847238
2.32 0.410482927454
2.34 0.455284011920
2.36 0.500522457224
2.38 0.546194801606
2.4 0.592292448256
2.42 0.638804992664
2.44 0.685712053149
2.46 0.732955264959
2.48 0.737567298497
2.5 0.756055111427
2.52 0.764496270347
2.54 0.759277825199
2.56 0.737359013553
2.58 0.697576184626
2.6 0.643527388399
2.62 0.583558225898
2.64 0.527160079410
2.66 0.481000969652
2.68 0.447858836549
2.7 0.427924746654
2.72 0.419873317481
2.74 0.421923857275
2.76 0.432209095343
2.78 0.448889958625
2.8 0.470123653900
2.82 0.493985163078
2.84 0.518418810765
2.86 0.541239853738
2.88 0.560204950481
2.90 0.573142272173
2.92 0.578130542958
2.94 0.573716974627
2.96 0.559142639370
2.98 0.535467743364
3.00 0.501745852794
3.02 0.461021840454
3.04 0.415749509197
3.06 0.368481786436
3.08 0.321495560123
3.10 0.276563324592
3.12 0.234889169604
3.14 0.197254460245
3.16 -0.163738360586
3.18 -0.134409630460
3.20 -0.109049220465
3.22 -0.087324723112
3.24 -0.068666927572
3.26 -0.053068339089
3.28 -0.039937307737
3.30 -0.028915807528
3.35 -0.008571684437
3.4 0.004535238106
3.45 0.012988248276
3.5 0.018542226639
