-0.000000267378
-0.000000247176
-0.000000231729
0.000000220840
-0.000000210719
-0.000000203561
-0.000000194044
0.000000190025
-0.000000188203
0.000000190896
0.000000196824
0.000000205638
-0.000000184812
0.000000208098
0.000000248752
0.000000203911
0.000000159432
-0.000001155474
-0.000001151673
-0.000001154016
-0.000001475157
-0.000001538600
-0.000001594987
-0.000001646383
0.000001670787
-0.000001654957
0.000001599835
-0.000001508260
0.000001381150
0.000001160821
0.000000915144
0.000000643500
0.000000665755
0.000000401499
0.000000171041
-0.000000188253
-0.000000443107
-0.000000162394
-0.000000476158
-0.000001464758
-0.000001216594
-0.000000961063
-0.000000691170
-0.000000419153
0.000001139311
0.000001466006
0.000001772990
0.000002051981
0.000002308434
0.000002543770
0.000002776159
0.000003004574
0.000003248611
0.000003502340
0.000003791937
0.000004845486
0.000004763047
0.000004593992
0.000004550189
0.000006796392
0.000006351657
0.000005799404
0.000005189803
0.000004546483
0.000003887808
0.000003229133
0.000002604366
0.000001862656
0.000001543502
0.000001297155
0.000001110160
0.000000961215
0.000000826306
-0.000000264836
-0.000000422567
-0.000000589359
-0.000000772605
-0.000000964894
0.000001676280
-0.000000561334
-0.000000506583
-0.000000276155
0.000000125557
0.000002864428
0.000004021803
0.000005031244
0.000005719281
0.000005979551
0.000005795712
0.000005173040
-0.000004228604
0.000003100867
-0.000007933363
0.000005628501
0.000003487228
0.000001550577
-0.000000236502
-0.000002127754
0.000003916570
-0.000001435168
-0.000001427852
-0.000001407993
-0.000001392445
0.000000517951
0.000000487317
-0.000000881857
0.000000858934
0.000000841105
0.000000859174
-0.000000836261
-0.000000830475
-0.000000841309
0.000000886078
0.000000975464
-0.000002347894
-0.000001019847
0.000002186235
-0.000001990284
0.000003524846
-0.000003631982
0.000003743072
-0.000003854755
0.000003973608
0.000004090462
0.000004206948
0.000004316650
0.000004419590
-0.000004510230
0.000004586084
-0.000004647951
-0.000004690082
-0.000004714067
0.000004719647
-0.000004702891
-0.000004670680
0.000004618392
0.000004477127
0.000004285042
0.000004053508
0.000003786352
-0.000003498327
-0.000003191861
-0.000002872570
0.000002531585
0.000000457974
-0.000000378684
0.000000250974
-0.000000098669
-0.000000050451
-0.000000179169
-0.000000357257
-0.000000512555
-0.000000655009
-0.000000820888
-0.000000935992
-0.000000965749
-0.000000928686
-0.000003882332
-0.000003214344
-0.000002522592
-0.000001794268
-0.000001029946
-0.000000256821
0.000000522232
0.000001277451
0.000001987388
0.000003241201
0.000003887397
0.000004493190
0.000005055988
0.000005524858
0.000004894791
0.000005421472
0.000005791506
0.000006026573
0.000006117827
0.000006097287
0.000005985285
0.000005759231
0.000005502212
0.000006003051
0.000005594486
0.000005204379
0.000004855490
0.000004579510
0.000004349037
0.000004007249
0.000003864955
0.000007432660
0.000005748457
