1.12 -0.000001533115
1.125 -0.000001496868
1.13 -0.000001460129
1.135 0.000001422593
1.14 -0.000001383554
1.145 -0.000001340773
1.15 -0.000001308513
1.155 0.000001262041
1.16 -0.000001212258
1.165 0.000001159566
1.17 0.000001104970
1.175 0.000001044372
1.18 -0.000001017923
1.185 0.000000951491
1.19 0.000000886756
1.195 -0.000001263459
1.20 -0.000001195104
1.205 -0.000000837797
1.21 -0.000000773842
1.215 -0.000000703530
1.22 -0.000000402253
1.225 -0.000000359030
1.23 -0.000000293939
1.235 -0.000000234225
1.24 0.000000177893
1.245 -0.000000138936
1.25 0.000000172350
1.255 -0.000000239368
1.26 0.000000303057
1.265 0.000000422479
1.27 0.000000594223
1.275 0.000000824652
1.28 0.000000827073
1.285 0.000001303597
1.29 0.000001717322
1.295 0.000002064940
1.30 0.000002343583
1.31 0.000002711701
1.32 0.000003661421
1.33 0.000003464075
1.34 0.000004782415
1.35 0.000004198066
1.36 0.000003493170
1.37 0.000002744290
1.38 0.000001988791
1.39 0.000000424053
1.40 -0.000000590106
1.41 -0.000001520520
1.42 -0.000002368966
1.43 -0.000003127516
1.44 -0.000003819008
1.45 -0.000004443266
1.46 -0.000004993268
1.47 -0.000005489017
1.48 -0.000005939827
1.49 -0.000006355468
1.50 -0.000012441699
1.51 -0.000012389626
1.52 -0.000012060007
1.53 -0.000011459727
1.54 0.738332563625
1.55 0.707197240508
1.56 0.674602174715
1.57 0.640354664095
1.58 0.604235678385
1.59 0.565996734972
1.60 0.525355227403
1.61 0.481993757882
1.62 0.434632708114
1.63 0.384533319111
1.64 0.330416095665
1.65 0.271727956253
1.66 0.207844121310
1.67 0.138065196559
1.68 0.060229146880
1.69 -0.024042986532
1.70 -0.116763897145
1.71 -0.218832570946
1.72 -0.331092433337
1.73 -0.454660418439
1.74 -0.589604661451
1.75 -0.735624582983
1.76 -0.892406641355
1.77 -1.058572440083
1.80 -1.586651525863
1.81 -1.760401737159
1.82 -1.926505273277
1.83 -2.081639754197
1.84 -2.223271867734
1.85 -2.349704923984
1.86 -2.459956009155
1.87 2.553527182498
1.88 -2.630114852577
1.89 2.689014913513
1.90 -2.729970169002
1.91 -2.750784696168
1.92 -2.747527932095
1.93 -2.711004699903
1.94 -2.612944609705
1.95 2.463216918990
1.957 3.424443838492
1.96 3.419209573422
1.97 3.401784935278
1.98 3.384403582485
1.99 -3.367072314402
2.00 -3.349788031428
2.01 3.332550875260
2.02 -3.315346519131
2.03 -3.298167257494
2.04 -3.281000103023
2.05 3.263831911595
2.06 3.246647294045
2.07 3.229431519740
2.08 -3.212169233793
2.09 -3.194845585289
2.10 3.177478355981
2.11 3.159957424993
2.112 -3.156450734229
2.12 3.142371065784
2.13 -3.052549784416
2.14 3.037223411453
2.15 -3.021663014881
2.16 3.005880695816
2.17 -2.989891545405
2.18 -2.973714036711
2.19 -2.957370210823
2.20 -2.940885740388
2.21 -2.924289608761
2.22 2.907613252942
2.23 -2.890890266816
2.24 2.874153923060
2.25 2.857436535679
2.26 2.840767814648
2.27 -2.824173731935
2.28 2.807675290601
2.29 2.791288124679
2.30 -2.775023248958
2.32 -2.742877521197
2.34 -2.711231421663
2.36 -2.680025265354
2.38 -2.649163482625
2.4 2.618520906776
2.42 2.587932344134
2.44 2.557140142029
2.46 -2.525560199748
2.48 -2.265485947372
2.5 2.243987910209
2.52 -2.222443470803
2.54 2.200846587815
2.56 -2.179167876304
2.58 -2.157346637781
2.6 -2.135284116173
2.62 -2.112843827862
2.64 -2.089867448639
2.66 -2.066214875801
2.68 -2.041809625549
2.7 -2.016654277741
2.72 -1.990790790102
2.74 -1.964435943965
2.76 -1.937227120108
2.78 -1.909286323353
2.8 -1.880564314797
2.82 -1.851021550772
2.84 -1.820644100927
2.86 -1.789447638085
2.88 -1.757482729952
2.90 -1.724832614207
2.92 -1.691291073388
2.94 -1.657639783379
2.96 -1.623704544037
2.98 -1.589638699018
3.00 -1.555593877133
3.02 -1.521892579270
3.04 -1.488280378987
3.06 -1.455068651181
3.08 -1.422346960354
3.10 -1.390184574697
3.12 1.358631052856
3.14 -1.327717458566
3.16 1.297458618948
3.18 1.267858643003
3.20 -1.238715879112
3.22 1.210419208302
3.24 1.182733327663
3.26 1.155632715012
3.28 -1.129089601884
3.30 1.103075001193
3.35 -1.040171427310
3.4 -0.980012872058
3.45 -0.921712837823
3.5 -0.866390309364
