1.12 0.318591223483
1.125 0.255804648134
1.13 0.188603250807
1.135 0.116615968300
1.14 0.039477960456
1.145 -0.043146738996
1.15 -0.131532513163
1.155 -0.225848334836
1.16 -0.326102347567
1.65 -0.444121829069
1.17 -0.543248458059
1.175 -0.658745401405
1.18 -0.777291767790
1.185 -0.897222227791
1.19 -1.016551827232
1.195 -1.133110822787
1.20 -1.244728722367
1.205 -1.349785634144
1.21 -1.445934822484
1.215 -1.532431192507
1.22 -1.608636686379
1.225 -1.674927037152
1.23 -1.730360763258
1.235 -1.776158620535
1.24 -1.814360038452
1.245 -1.853054763363
1.25 -1.912486344120
1.255 -1.927988038616
1.26 -1.933425307878
1.265 -1.931563333826
1.27 -1.922816346665
1.275 -1.908435063443
1.28 -1.888996450017
1.285 -1.864970167085
1.29 -1.836780174874
1.295 -1.804848711988
1.30 -1.769616958191
1.31 -1.691105482871
1.32 -1.605143126408
1.33 -1.515610964945
1.34 -1.425961792229
1.35 -1.338917618181
1.36 -1.256366443393
1.37 -1.179362780229
1.38 -1.108306658364
1.39 -1.043677623502
1.40 -0.985016187009
1.41 -0.931940164578
1.42 -0.883989803895
1.43 -0.840681649081
1.44 -0.801544106246
1.45 -0.766134954589
1.46 -0.734047912719
1.47 -0.704917042171
1.48 -0.678416608060
1.49 -0.654252492670
1.50 -0.632171784609
1.51 -0.611948034138
1.52 -0.593381385089
1.53 -0.576295884346
1.54 -0.560535455062
1.55 -0.545962397152
1.56 -0.532449893152
1.57 -0.519894322450
1.58 -0.508198832851
1.59 -0.497276494139
1.60 -0.487049683004
1.61 -0.477448454551
1.62 -0.468409415400
1.63 -0.459875967245
1.64 -0.451795906303
1.65 -0.444121827637
1.66 -0.436810272999
1.67 -0.429821138079
1.68 -0.423117139606
1.69 -0.416663613566
1.70 -0.410426735436
1.71 -0.404375250572
1.72 -0.398477153323
1.73 -0.392700743180
1.74 -0.387012315904
1.75 -0.381216412534
1.76 -0.375579383368
1.77 -0.369900131291
1.80 -0.351843491828
1.81 -0.345065661459
1.82 -0.337536179952
1.83 -0.328840664746
1.84 -0.318335924974
1.85 -0.305415715029
1.86 -0.288842624469
1.87 -0.269512847469
1.88 -0.249231777648
1.89 -0.229342787963
1.90 -0.210331282758
1.91 -0.192290237721
1.92 -0.175202532228
1.93 -0.159037513250
1.94 -0.143766379326
1.95 -0.129373485312
1.957 -0.119814776836
1.96 -0.115847732230
1.97 -0.103184276688
1.98 -0.091381412853
1.99 -0.080472105238
2.00 -0.070390626807
2.01 -0.061167403251
2.02 -0.052798987587
2.03 -0.045279188692
2.04 -0.038598448299
2.05 -0.032743519429
2.06 -0.027696984090
2.07 -0.023436831995
2.08 -0.019937581159
2.09 -0.017168621000
2.10 -0.015095061157
2.11 -0.013678581314
2.112 -0.013470470182
2.12 -0.012876921312
2.13 -0.012645000825
2.14 -0.012935016377
2.15 -0.013697116990
2.16 -0.014880461060
2.17 -0.016433417263
2.18 -0.018304398534
2.19 -0.020442534196
2.20 -0.022798217743
2.21 -0.025323671123
2.22 -0.027972386225
2.23 -0.030703145083
2.24 -0.033474886817
2.25 -0.036250440803
2.26 -0.038995771501
2.27 -0.041680051025
2.28 -0.044275455394
2.29 -0.046754324567
2.30 -0.049100928144
2.32 -0.053313192319
2.34 -0.056786204066
2.36 -0.059426756673
2.38 -0.061167146033
2.4 -0.061958273106
2.42 -0.061764902827
2.44 -0.060559365897
2.46 -0.058325934902
2.48 -0.055053717790
2.5 -0.050928724097
2.52 -0.045582915144
2.54 -0.039236078329
2.56 -0.031936640952
2.58 -0.023757632257
2.6 -0.014800482018
2.62 -0.005194203991
2.64 0.004905050304
2.66 0.015315718079
2.68 0.025838500508
2.7 0.036258223827
2.72 0.046350849223
2.74 0.055891706875
2.76 0.064668122036
2.78 0.072493674150
2.8 0.079216171116
2.82 0.084728242262
2.84 0.088971962086
2.86 0.091936878399
2.88 0.093659870147
2.90 0.094217181134
2.92 0.093716938691
2.94 0.092290335662
2.96 0.090082053913
2.98 0.087242469716
3.00 -0.083975074747
3.02 -0.080306379544
3.04 -0.076198406632
3.06 -0.072228446989
3.08 -0.068246580680
3.10 -0.064328475371
3.12 -0.060533008413
3.14 -0.056903934577
3.16 -0.053472327510
3.18 -0.050256844323
3.20 -0.047267549635
3.22 -0.044569234826
3.24 -0.042021173821
3.26 -0.039695476452
3.28 -0.037507989412
3.30 -0.035608378270
3.35 -0.031633901824
3.4 -0.028599911310
3.45 -0.026311225763
3.5 -0.024599848497
