1.12 -1.670712019703
1.125 -1.717014972061
1.13 -1.755805187265
1.135 -1.788134175615
1.14 -1.814955331007
1.145 -1.837100862885
1.15 -1.855280494819
1.155 -1.870091386832
1.16 -1.882032624086
1.165 -1.891520195080
1.17 -1.899127521205
1.175 -1.904681398134
1.18 -1.908662842937
1.185 -1.911276990269
1.19 -1.912697384988
1.195 -1.913071289130
1.20 -1.912523851616
1.205 -1.911161207909
1.21 -1.909072613888
1.215 -1.906331517709
1.22 -1.902995203662
1.225 -1.899102412807
1.23 -1.894666711827
1.235 -1.889661546539
1.24 -1.883985010498
1.245 -1.877381957246
1.25 -1.869519975971
1.255 -1.862119622046
1.26 -1.856488886653
1.265 -1.851312348100
1.27 -1.846123244716
1.275 -1.840818106234
1.28 -1.835380221813
1.285 -1.829815923381
1.29 -1.824137910469
1.295 -1.818359208972
1.30 -1.812492192643
1.31 -1.800535673375
1.32 -1.788338286420
1.33 -1.775947105674
1.34 -1.763389057613
1.35 -1.750674242880
1.36 -1.737792565435
1.37 -1.724991378674
1.38 -1.711682858808
1.39 -1.698086260808
1.40 -1.684117383903
1.41 -1.669660315618
1.42 -1.654553532924
1.43 -1.638566265725
1.44 -1.621356788479
1.45 -1.602396898364
1.46 -1.580829101643
1.47 -1.555191932348
1.48 -1.522880026043
1.49 -1.479115532261
1.50 -1.415349371977
1.51 -1.318607750991
1.52 -1.178366719991
1.53 1.004745619664
1.54 0.830540243785
1.55 0.682605337892
1.56 0.567550738752
1.57 0.480720518031
1.58 0.415275764068
1.59 0.365474993932
1.60 0.327131981403
1.61 0.297329177799
1.62 0.274015095563
1.63 0.255783310558
1.64 0.241643822231
1.65 0.230906408695
1.66 0.223100991590
1.67 0.217929372802
1.68 0.215239248039
1.69 0.215018503492
1.70 0.217407670527
1.71 0.222739098789
1.72 0.231614172331
1.73 0.245043790432
1.74 0.264698309943
1.75 0.293329437010
1.76 0.335330495845
1.77 0.396616185806
1.80 -0.623734235768
1.81 -0.642248776860
1.82 0.636876518747
1.83 0.620248746067
1.84 0.598606897151
1.85 0.574779447094
1.86 0.550091430439
1.87 0.525212447196
1.88 0.500529725784
1.89 0.476319240754
1.90 0.452828795113
1.91 0.430255197381
1.92 0.408549067715
1.93 0.387278750384
1.94 0.365954433768
1.95 0.344346281816
1.957 0.329032868566
1.96 0.322426305738
1.97 0.300240020894
1.98 0.277844908655
1.99 0.255252636451
2.00 0.232588520066
2.01 0.209839035566
2.02 0.187028837114
2.03 0.164176298215
2.04 0.141296371563
2.05 0.118401817122
2.06 0.095500043486
2.07 0.072599901016
2.08 0.049664844320
2.09 0.026794763701
2.10 0.003945500052
2.11 -0.018876203664
2.112 -0.023436761186
2.12 -0.041664743739
2.13 -0.064413766998
2.14 -0.087116474865
2.15 -0.109765565968
2.16 -0.132353125291
2.17 -0.154870606240
2.18 -0.177308432893
2.19 -0.199656358921
2.20 -0.221902869163
2.21 -0.244035801481
2.22 -0.266041213482
2.23 -0.287900391179
2.24 -0.309602669053
2.25 -0.331125952891
2.26 -0.352448556483
2.27 -0.373546112028
2.28 -0.394390811418
2.29 -0.414950618499
2.30 -0.435188871891
2.32 -0.474521624646
2.34 -0.511949023764
2.36 -0.546849072835
2.38 -0.578090805906
2.4 -0.604698670095
2.42 -0.624534601947
2.44 -0.634702784457
2.46 -0.631231593266
2.48 -0.609400293544
2.5 -0.566314110413
2.52 -0.503941841829
2.54 -0.431439396587
2.56 -0.360626175615
2.58 -0.299388817924
2.6 -0.250251430701
2.62 -0.212238182701
2.64 -0.183602908927
2.66 -0.163252572249
2.68 -0.150925593354
2.7 -0.146199942435
2.72 -0.148793386407
2.74 -0.155876850831
2.76 -0.167056737833
2.78 -0.181314237998
2.8 -0.197180525588
2.82 -0.214710093914
2.84 -0.232382075448
2.86 -0.249100904826
2.88 -0.263737765037
2.90 -0.275201713623
2.92 -0.282536928874
2.94 -0.285027534788
2.96 -0.282288953275
2.98 -0.274323387743
3.00 -0.261523188524
3.02 -0.244615847783
3.04 -0.224563148174
3.06 -0.202373812175
3.08 -0.179198892673
3.10 -0.155972918832
3.12 -0.133469365927
3.14 -0.112372908806
3.16 -0.092832801632
3.18 -0.075159075514
3.20 -0.059414377901
3.22 -0.045339127875
3.24 0.033290556772
3.26 0.022875477701
3.28 0.013924138632
3.30 0.006262999279
3.35 -0.008384414893
3.4 -0.018115983508
3.45 -0.024663595803
3.5 -0.029137587365
