1.12 -1.670707999236
1.125 -1.717011214653
1.13 -1.755801652674
1.135 -1.788130857690
1.14 -1.814952221228
1.145 -1.837097950434
1.15 -1.855277763632
1.155 -1.870088832032
1.16 -1.882030229004
1.165 -1.891517946903
1.17 -1.899124665326
1.175 -1.904678697475
1.18 -1.908660243158
1.185 -1.911274480310
1.19 -1.912694955133
1.195 -1.913068930864
1.20 -1.912521557919
1.205 -1.911158972741
1.21 -1.909070432956
1.215 -1.906329387463
1.22 -1.902993123057
1.225 -1.899100382353
1.23 -1.894664737655
1.235 -1.889659641000
1.24 -1.883983202593
1.245 -1.877380318823
1.25 -1.869518720178
1.255 -1.862118920391
1.26 -1.856488441280
1.265 -1.851311991774
1.27 -1.846122920472
1.275 -1.840817797508
1.28 -1.835379920779
1.285 -1.829815627269
1.29 -1.824137614401
1.295 -1.818358914055
1.30 -1.812491899413
1.31 -1.800535380624
1.32 -1.788338000689
1.33 -1.775946830603
1.34 -1.763388797637
1.35 -1.750674034562
1.36 -1.737792392351
1.37 -1.724990892440
1.38 -1.711682392197
1.39 -1.698085820100
1.40 -1.684116970052
1.41 -1.669659929166
1.42 -1.654553175561
1.43 -1.638565940190
1.44 -1.621356514139
1.45 -1.602396634582
1.46 -1.580828885621
1.47 -1.555191767614
1.48 -1.522879943683
1.49 -1.479115455562
1.50 -1.415349059796
1.51 -1.318606463750
1.52 -1.178364049456
1.53 -1.004742192502
1.54 -0.830536892599
1.55 -0.682602420505
1.56 -0.567548205359
1.57 -0.480718300959
1.58 -0.415273717888
1.59 -0.365473116992
1.60 -0.327130289700
1.61 -0.297326466508
1.62 -0.274012682221
1.63 -0.255781271490
1.64 -0.241642119565
1.65 -0.230904945152
1.66 -0.223099613878
1.67 -0.217928145661
1.68 -0.215238057895
1.69 -0.215017485833
1.70 -0.217406754610
1.71 -0.222738280965
1.72 -0.231613337968
1.73 -0.245042717364
1.74 -0.264697057866
1.75 -0.293327964598
1.76 -0.335328826787
1.77 -0.396614370448
1.80 -0.623795267086
1.81 -0.642246012888
1.82 -0.636873564877
1.83 -0.620245558840
1.84 -0.598604421889
1.85 -0.574776520206
1.86 -0.550087503148
1.87 -0.525207811199
1.88 -0.500524176840
1.89 -0.476312573586
1.90 -0.452821022579
1.91 -0.430245897524
1.92 -0.408538493779
1.93 -0.387267119678
1.94 -0.365942069716
1.95 -0.344333224520
1.957 -0.329019460935
1.96 -0.322412760800
1.97 -0.300226071525
1.98 -0.277830622961
1.99 -0.255246886212
2.00 -0.232582519311
2.01 -0.209832777167
2.02 -0.187022275076
2.03 -0.164169528577
2.04 -0.141289400863
2.05 -0.118393439371
2.06 -0.095492626449
2.07 -0.072592369031
2.08 -0.049658934380
2.09 -0.026788965633
2.10 -0.003940435220
2.11 0.018880772125
2.112 0.023441227882
2.12 0.041668797171
2.13 0.064417246878
2.14 0.087119448671
2.15 0.109767399019
2.16 0.132354321947
2.17 0.154871099654
2.18 0.177308485848
2.19 0.199655834826
2.20 0.221901872551
2.21 0.244031235386
2.22 0.266036108016
2.23 0.287897793111
2.24 0.309599653492
2.25 0.331122437157
2.26 0.352444676852
2.27 0.373541745271
2.28 0.394385866428
2.29 0.414945250512
2.30 0.435183019783
2.32 0.474514894509
2.34 0.511941585400
2.36 0.546838749666
2.38 0.578095913075
2.4 0.604704127297
2.42 0.624540326576
2.44 0.634707598403
2.46 0.631229204364
2.48 0.609400674238
2.5 0.566307918531
2.52 0.503937588655
2.54 0.431434056666
2.56 0.360618792822
2.58 0.299387917836
2.6 0.250249708122
2.62 0.212235449128
2.64 0.183599847111
2.66 0.163249700498
2.68 0.150922096129
2.7 0.146963346043
2.72 0.148778388279
2.74 0.155862357301
2.76 0.167043241491
2.78 0.181301312133
2.8 0.197173317668
2.82 0.214703462677
2.84 0.232375731027
2.86 0.249094978289
2.88 0.263732487990
2.90 0.275197478857
2.92 0.282533426209
2.94 0.285025514868
2.96 0.282288564692
2.98 0.274324581627
3.00 0.261525580917
3.02 0.244617905341
3.04 0.224566458762
3.06 0.202387288744
3.08 0.179212654467
3.10 0.155986621557
3.12 0.133580254000
3.14 0.112375394727
3.16 0.092834227697
3.18 -0.075159699681
3.20 -0.059414415579
3.22 -0.045354441613
3.24 -0.033304268319
3.26 -0.022887529421
3.28 -0.013934538005
3.30 -0.006271926396
3.35 0.008250359074
3.4 0.018108884612
3.45 0.024658803002
3.5 0.029134666867
