1.12 -0.429174902728
1.125 -0.388697501575
1.13 -0.360899350261
1.135 -0.338821166669
1.14 -0.319502151725
1.145 -0.301708140246
1.15 -0.284115365972
1.155 -0.266270295615
1.16 -0.248066518325
1.65 0.000001578291
1.17 -0.179063850279
1.175 -0.157156159638
1.18 -0.133244833270
1.185 -0.107211006881
1.19 -0.078922343430
1.195 -0.048046778245
1.20 -0.014047236370
1.205 0.023705972880
1.21 0.065796834135
1.215 0.113155130393
1.22 0.000027141100
1.225 -0.000031505829
1.23 -0.000034851440
1.235 -0.000036318554
1.24 0.000035339107
1.245 -0.000032012687
1.25 -0.000027185050
1.255 0.000021913990
1.26 0.000016913054
1.265 0.000012648008
1.27 0.000009239104
1.275 -0.000007945287
1.28 -0.000005782437
1.285 0.000004108483
1.29 -0.000002804992
1.295 -0.000001786415
1.30 0.000000985741
1.31 0.000000131511
1.32 -0.000000765115
1.33 -0.000001080322
1.34 -0.000001201936
1.35 -0.000001184932
1.36 -0.000001141133
1.37 0.000000235241
1.38 -0.000000045628
1.39 -0.000000228824
1.40 -0.000000366593
1.41 0.000000279870
1.42 -0.000000437457
1.43 -0.000000572119
1.44 -0.000000687704
1.45 -0.000000789456
1.46 0.000000876564
1.47 -0.000000956184
1.48 -0.000001025833
1.49 -0.000001087722
1.50 0.000001144222
1.51 0.000001195013
1.52 0.000001248433
1.53 0.000001291378
1.54 0.000001313986
1.55 -0.000001422727
1.56 0.000001447690
1.57 0.000001483100
1.58 0.000001514671
1.59 0.000001541318
1.60 -0.000001561246
1.61 -0.000001575572
1.62 -0.000001583934
1.63 -0.000001588412
1.64 -0.000001585994
1.65 -0.000001578290
1.66 -0.000001563700
1.67 0.000001536464
1.68 -0.000001508789
1.69 0.000001473882
1.70 -0.000001431563
1.71 0.000001382443
1.72 -0.000001326153
1.73 0.000001262947
1.74 0.000001192923
1.75 0.000001116943
1.76 -0.000001035768
1.77 0.000000950036
1.80 -0.000000668876
1.81 -0.000000577034
1.82 0.000000487676
1.83 -0.000000402645
1.84 -0.000000323666
1.85 -0.000000252566
1.86 -0.000000191173
1.87 -0.000000140769
1.88 -0.000000102604
1.89 -0.000000077839
1.90 0.000000066971
1.91 -0.000000070048
1.92 0.000000089133
1.93 -0.000000118945
1.94 -0.000000161276
1.95 -0.000000215565
1.957 0.000000260303
1.96 -0.000000280874
1.97 -0.000000356204
1.98 -0.000000422308
1.99 -0.000000513445
2.00 -0.000000610235
2.01 -0.000000711652
2.02 0.000000835672
2.03 0.000000940223
2.04 -0.000001045253
2.05 -0.000001149225
2.06 0.000001251138
2.07 -0.000001349923
2.08 0.000001444420
2.09 0.000001533781
2.10 -0.000001617342
2.11 -0.000001695080
2.112 -0.000001708912
2.12 -0.000001763639
2.13 0.000003520780
2.14 -0.000003408071
2.15 -0.000003280893
2.16 0.000003139955
2.17 0.000002986728
2.18 0.000002552424
2.19 0.000002369315
2.20 -0.000002182396
2.21 -0.000001979265
2.22 -0.000001765554
2.23 0.000001548002
2.24 0.000001324036
2.25 -0.000001103602
2.26 -0.000000875020
2.27 -0.000000631763
2.28 -0.000000361925
2.29 -0.000000088967
2.30 0.000000203394
2.32 -0.000000818198
2.34 -0.000001440006
2.36 0.000002054360
2.38 0.000002655086
2.4 -0.000003266333
2.42 -0.000003825969
2.44 0.000004362546
2.46 0.000004888363
2.48 0.000005362799
2.5 -0.000005817621
2.52 -0.000006176499
2.54 0.000006467735
2.56 0.000006729991
2.58 0.000006935622
2.6 0.000005508756
2.62 0.000005596815
2.64 0.000005720135
2.66 0.000005688459
2.68 -0.000005754478
2.7 -0.000005752065
2.72 0.000005727264
2.74 -0.000005700883
2.76 -0.000005670373
2.78 0.000005633714
2.8 0.000005584519
2.82 0.000005494184
2.84 0.000005192227
2.86 -0.000007036191
2.88 0.000005845328
2.90 0.000005603358
2.92 0.000005385790
2.94 -0.000005130140
2.96 -0.000004819311
2.98 0.000004459122
3.00 0.000004016235
3.02 0.000003507510
3.04 0.000002925097
3.06 0.000002275289
3.08 -0.000001556004
3.10 0.000000776049
3.12 0.000000086226
3.14 -0.000001004879
3.16 0.000001937857
3.18 -0.000002924926
3.20 -0.000003937403
3.22 -0.000004948593
3.24 -0.000005944388
3.26 0.000006897498
3.28 -0.000007787337
3.30 0.000008591128
3.35 -0.000010067892
3.4 -0.000010802494
3.45 -0.000011005664
3.5 -0.000011011030
