-0.000000237912
0.000000233954
0.000000229093
0.000000219929
-0.000000214749
-0.000000209961
-0.000000203245
3.862384582546
0.160734086379
0.169692256925
0.179011893534
0.188132423826
0.198256965589
0.208867736117
0.220014672353
0.231749584198
0.244129653492
-0.000002256790
-0.000003861490
0.000003635426
0.000003455591
0.000003366311
0.000003436115
0.000003419096
0.000003427226
-0.000000229726
0.000000144564
0.000000307663
-0.000000461281
0.000000625640
0.000000858950
0.000000575690
0.000000662196
0.000000698062
0.000000698837
0.000000609151
-0.000000455520
0.000000272433
-0.000000160388
-0.000000253152
0.000001449190
-0.000001937964
0.000001563532
-0.000001791061
-0.000000946945
-0.000000211433
-0.000001793880
3.587640146190
3.615693527898
3.641160121181
3.664224020067
3.685177341154
3.705023033359
3.723355595280
3.740297666579
3.755937746753
3.770348973663
3.783116489719
3.794982366163
3.806034972182
3.816040939616
3.825028338240
3.833020060904
3.840035873268
3.846090358855
3.851198770245
3.855373078407
3.858623372804
3.860958171756
3.862384598548
3.862908716750
3.862532857678
3.861265874313
3.859236530074
3.856189082892
3.851929917687
3.847135452268
3.841461772162
3.834913816100
3.827496710489
3.819216675137
3.810082835253
3.777676577316
3.765262888147
3.752081092935
3.738162289133
3.723542509621
3.708163837713
3.692269875789
3.675810728137
3.658840965389
3.641413639923
3.623590752037
3.605430456635
3.586996517314
3.568344172225
3.549527016610
3.530593917015
3.517295184166
3.511588110427
3.492547085069
3.473501754152
3.454477218885
3.435492956971
3.416563284004
3.397700410097
3.378906272738
3.360185926738
3.341540083023
3.322967552775
3.304465793560
3.286031323321
3.267660112703
3.249347050921
3.231089825414
3.227447124234
3.212885130934
3.115747941424
3.100504118738
3.085160925429
3.069722506739
3.054193108171
3.038576945622
3.022878361432
3.007101706035
2.991251245010
2.975331517424
2.959346835055
2.943301560269
2.927200075528
2.911046726459
2.894845908548
2.878601809344
2.862319072979
2.846001980480
2.813282236998
2.780477713774
2.747623578966
2.714755427860
2.681906623791
-2.649110033064
-2.616395333314
-2.583788253901
-2.551309345212
-2.518972521855
-2.486784069144
-2.454741147604
-2.422831234436
-2.391029404996
-2.332301388782
2.301651151386
2.270908393660
2.240006533034
2.208868866387
2.177414296806
2.145557102926
2.113214194705
2.080310014953
2.046782598952
2.012592861895
1.977725020132
1.942194772527
1.906049553096
1.869368745936
1.832260070133
1.794853835448
1.757295137714
1.719736476572
1.682328749431
1.645214228588
1.608520736595
1.572357348947
1.536812728151
1.501954619326
1.467830360959
1.434468962527
1.401883223522
1.370072633524
1.338802844777
1.308532019861
1.278976756079
1.250107099720
1.221890470415
1.194293279628
1.167281680724
1.102105257339
1.039934990365
0.980146947420
0.923043863199
