1.12 1.308231525941
1.125 1.301179444744
1.13 1.293986543456
1.135 1.286882795905
1.14 1.279764856665
1.145 1.272642658028
1.15 1.265528820750
1.155 1.258440349550
1.16 1.251401119771
1.165 1.244445858437
1.17 1.237626299553
1.175 1.231021262616
1.18 1.224753235319
1.185 1.219016726553
1.19 1.214128282194
1.195 1.210620737127
1.20 1.209438936388
1.205 1.212427118161
1.21 1.224045677573
1.215 1.184962109413
1.22 1.177518970589
1.225 1.170086641869
1.23 1.162666159257
1.235 1.155258415468
1.24 1.147862978600
1.245 1.140477003414
1.25 1.133096199293
1.255 1.125716559775
1.26 1.118335204473
1.265 1.110949897750
1.27 1.103557729277
1.275 1.096154297109
1.28 1.088734406782
1.285 1.081292261022
1.29 1.073822566463
1.295 1.066320901469
1.30 1.058783744251
1.31 1.043592317770
1.32 1.028231447270
1.33 1.012687775241
1.34 0.996948567546
1.35 0.981000119689
1.36 0.964827945542
1.37 1.016762580139
1.38 0.991236328077
1.39 0.965039467425
1.40 0.938198184081
1.41 0.910743069503
1.42 0.882706066096
1.43 0.854117333938
1.44 0.825002119839
1.45 0.795659467137
1.46 0.765519829794
1.47 0.734870774045
1.48 0.703696045909
1.49 0.671967844062
1.50 0.639646151683
1.51 0.606676504608
1.52 0.572993490517
1.53 -0.000005395398
1.54 -0.000012474915
1.55 0.000011711189
1.56 0.000010845347
1.57 0.000009911016
1.58 -0.000008951197
1.59 0.000007997633
1.60 -0.000007075077
1.61 0.000006207447
1.62 0.000002927113
1.63 -0.000002241873
1.64 -0.000001660977
1.65 0.000001176361
1.66 0.000000761372
1.67 0.000000412137
1.68 0.000000691316
1.69 0.000000419507
1.70 -0.000000176406
1.71 0.000000042068
1.72 0.000000238216
1.73 0.000002467640
1.74 0.000002544699
1.75 0.000002609353
1.76 -0.000002663065
1.77 0.000002710485
1.80 -0.000002804701
1.81 0.000002831137
1.82 0.000002844620
1.83 -0.000002837658
1.84 -0.000002802354
1.85 -0.000002732568
1.86 -0.000002662897
1.87 -0.000002607182
1.88 0.000002588026
1.89 -0.000002619293
1.90 0.000002719583
1.91 -0.000003289687
1.92 -0.000003386117
1.93 0.000003508150
1.94 -0.000003627839
1.95 0.000003617961
1.957 -0.000001635382
1.96 -0.000001615147
1.97 0.000001539808
1.98 0.000001454070
1.99 -0.000001356016
2.00 -0.000001246061
2.01 0.000001124464
2.02 0.000001238877
2.03 -0.000001105332
2.04 -0.000000959962
2.05 -0.000000802631
2.06 0.000000632777
2.07 -0.000000450147
2.08 -0.000000253095
2.09 -0.000000041415
2.10 -0.000000144778
2.11 -0.000000573022
2.112 -0.000000728468
2.12 -0.000000952336
2.13 -0.000002053979
2.14 0.000002239298
2.15 0.000002433522
2.16 -0.000002635961
2.17 -0.000002846052
2.18 -0.000003063137
2.19 0.000003287931
2.20 0.000003519435
2.21 0.000003756936
2.22 0.000004000333
2.23 0.000004248188
2.24 -0.000004498392
2.25 -0.000004748591
2.26 0.000004996626
2.27 -0.000005241133
2.28 -0.000005477765
2.29 -0.000005703869
2.30 0.000005918508
2.32 -0.000006295125
2.34 0.000006585639
2.36 -0.000006776080
2.38 0.000006855544
2.4 -0.000006824992
2.42 -0.000006682367
2.44 -0.000006483891
2.46 0.000006236949
2.48 0.000005965550
2.5 -0.000005692415
2.52 -0.000005433387
2.54 -0.000005189040
2.56 -0.000004967498
2.58 -0.000004780374
2.6 0.000004073905
2.62 0.000004062235
2.64 0.000004068459
2.66 0.000004087696
2.68 -0.000004128819
2.7 -0.000004189515
2.72 0.000004265207
2.74 0.000004360809
2.76 -0.000004470720
2.78 0.000004603820
2.8 0.000004732633
2.82 -0.000004858596
2.84 0.000004974729
2.86 -0.000005078448
2.88 0.000005182001
2.90 0.000005280894
2.92 0.000005375367
2.94 -0.000005460486
2.96 -0.000005536033
2.98 0.000005602622
3.00 -0.000005655920
3.02 0.000005689194
3.04 0.000005709048
3.06 0.000005718476
3.08 0.000005686513
3.10 0.000005618413
3.12 0.000005514749
3.14 0.000005371257
3.16 0.000005190907
3.18 0.000005061915
3.20 -0.000004787602
3.22 -0.000004469015
3.24 0.000004105628
3.26 -0.000003708187
3.28 0.000003287602
3.30 0.000002856276
3.35 0.000001810828
3.4 0.000000997890
3.45 0.000002213888
3.5 0.000002051855
