1.12 -0.429174902728
1.125 -0.388697501575
1.13 -0.360899350261
1.135 -0.338821166669
1.14 -0.319502151725
1.145 -0.301708140246
1.15 -0.284115365972
1.155 -0.266270295615
1.16 -0.248066518325
1.165 -0.229086733231
1.17 -0.209097921108
1.175 -0.188052256586
1.18 -0.165362596112
1.185 -0.140756081628
1.19 -0.113963238775
1.195 -0.084461977978
1.20 -0.052141782113
1.205 -0.016203867775
1.21 0.023867329019
1.215 0.083263386610
1.22 0.136195765265
1.225 0.000022129348
1.23 -0.000024519362
1.235 -0.000025501043
1.24 0.000024563696
1.245 0.000021707618
1.25 -0.000017619287
1.255 -0.000013516957
1.26 -0.000011321565
1.265 0.000007910358
1.27 0.000005276326
1.275 -0.000003321054
1.28 -0.000001903165
1.285 -0.000000877691
1.29 -0.000000155141
1.295 0.000000364139
1.30 0.000000721754
1.31 -0.000001102727
1.32 0.000001173654
1.33 -0.000002780509
1.34 -0.000002158371
1.35 -0.000001696816
1.36 -0.000001336329
1.37 0.000000123144
1.38 0.000000311343
1.39 -0.000000477396
1.40 0.000000627958
1.41 0.000000771206
1.42 0.000000908907
1.43 -0.000001042973
1.44 0.000001174353
1.45 -0.000001304324
1.46 -0.000001424954
1.47 0.000001549147
1.48 -0.000001653061
1.49 -0.000001775887
1.50 0.000001916091
1.51 0.000002038491
1.52 -0.000002160821
1.53 0.000002277161
1.54 0.000002862229
1.55 0.000002504973
1.56 -0.000002615776
1.57 -0.000002723614
1.58 0.000002826870
1.59 -0.000002927353
1.60 0.000003021472
1.61 -0.000005569806
1.62 -0.000013271598
1.63 0.000013260383
1.64 0.000013224464
1.65 -0.000013164211
1.66 -0.000013078560
1.67 -0.000012968130
1.68 -0.000012833679
1.69 0.000012675932
1.70 -0.000012495998
1.71 0.000012294674
1.72 0.000012077512
1.73 0.000011841401
1.74 -0.000011581458
1.75 0.000011306356
1.76 -0.000011015706
1.77 -0.000010709908
1.80 0.000009709305
1.81 -0.000009351774
1.82 0.000008984038
1.83 -0.000008607121
1.84 0.000008221701
1.85 -0.000007828237
1.86 -0.000007427900
1.87 -0.000007021744
1.88 -0.000006605729
1.89 0.000006190172
1.90 -0.000005768301
1.91 -0.000005337397
1.92 -0.000004898705
1.93 0.000004454606
1.94 -0.000004016154
1.95 -0.000003593623
1.957 0.000000260304
1.96 -0.000000280873
1.97 -0.000000356203
1.98 -0.000000422312
1.99 -0.000000513446
2.00 0.000000610233
2.01 -0.000000711658
2.02 -0.000000835684
2.03 0.000000940218
2.04 0.000001045257
2.05 0.000001149225
2.06 -0.000001251141
2.07 0.000001349929
2.08 0.000001444414
2.09 0.000001533775
2.10 -0.000001617350
2.11 -0.000001695080
2.112 -0.000001708909
2.12 -0.000001763643
2.13 0.000003520779
2.14 -0.000003408071
2.15 0.000003280893
2.16 0.000003139957
2.17 0.000002986726
2.18 -0.000002552429
2.19 -0.000002369310
2.20 0.000002182394
2.21 -0.000001979256
2.22 0.000001765549
2.23 0.000001548002
2.24 0.000001324034
2.25 -0.000001103609
2.26 0.000000875015
2.27 -0.000000631763
2.28 0.000000361933
2.29 -0.000000088973
2.30 -0.000000203388
2.32 -0.000000818198
2.34 -0.000001440002
2.36 0.000002054363
2.38 0.000002655088
2.4 -0.000003266330
2.42 -0.000003825964
2.44 0.000004362552
2.46 0.000004888356
2.48 0.000005362794
2.5 -0.000005817628
2.52 -0.000006176510
2.54 0.000006467720
2.56 0.000006729994
2.58 0.000006935674
2.6 0.000005508796
2.62 0.000005596837
2.64 0.000005720132
2.66 0.000005688466
2.68 -0.000005754482
2.7 -0.000005752067
2.72 0.000005727301
2.74 -0.000005700857
2.76 -0.000005670393
2.78 0.000005633695
2.8 0.000005584442
2.82 0.000005494240
2.84 0.000005192402
2.86 -0.000007047952
2.88 0.000005845200
2.90 0.000005603391
2.92 0.000005385807
2.94 -0.000005130135
2.96 -0.000004819282
2.98 0.000004459129
3.00 0.000004016237
3.02 0.000003507522
3.04 0.000002925099
3.06 -0.000002275284
3.08 -0.000001556002
3.10 0.000000776049
3.12 0.000000086224
3.14 -0.000001004879
3.16 -0.000001937865
3.18 -0.000002924925
3.20 -0.000003937405
3.22 -0.000004948593
3.24 -0.000005944389
3.26 -0.000006897490
3.28 -0.000007787338
3.30 -0.000008591122
3.35 -0.000010067890
3.4 -0.000010802496
3.45 -0.000011005666
3.5 -0.000011011027
