0.000000752692
0.000000767099
0.000001554740
-0.000001556980
-0.000001560178
-0.000001562299
0.000001569700
0.000001577764
0.000001591930
0.000001605761
-0.000001621674
0.000001641942
-0.000001663485
-0.000001690695
0.000001721593
-0.000001758584
-0.000001805475
0.000001706801
-0.000001838424
0.000002074547
-0.000002094342
-0.000002122838
0.000002135894
-0.000002087903
-0.000002032325
0.000001924853
0.000001761508
-0.000001625859
-0.000001433355
-0.000001189929
-0.000000922185
-0.000001051217
-0.000000758810
-0.000000501121
-0.000000281882
0.000000101435
-0.000000048343
0.000000275043
-0.000000053273
0.000000102623
0.000000212328
-0.000000053374
-0.000000237301
0.000000135741
0.000000032808
0.000001334861
-0.000001445443
0.000001554267
-0.000001657943
0.000001757926
-0.000003097960
-0.000003123083
0.000003138272
-0.000003144196
-0.000003162327
-0.000003137806
-0.000003089412
-0.000003012441
0.000002575018
0.000005179129
-0.000004966548
-0.000004696897
-0.000004385295
0.000004026022
-0.000003630852
0.000003189261
-0.000002736247
-0.000002688578
0.000002374101
0.000002097126
-0.000001860915
-0.000001649647
-0.000001465408
-0.000000834791
-0.000000662530
0.000000515707
0.000000358884
0.000000214284
-0.000001054964
-0.000001327032
-0.000001600620
0.000001888587
-0.000002191488
0.000001016637
-0.000000975805
-0.000000844592
0.000000610280
0.000000279091
-0.000000344548
-0.000000560777
-0.000000805174
0.000000738268
-0.000000528943
-0.000000110616
-0.000000560100
0.000000807406
-0.000000748673
0.000000309078
-0.000000646858
-0.000000652706
0.000000684275
0.000000731806
-0.000000798176
-0.000000875264
0.000000966174
0.000001101109
-0.000001209129
-0.000001329172
-0.000001461698
0.000001601022
-0.000001757945
-0.000001937161
-0.000002133260
0.000001662704
0.000001588754
0.000001847269
0.000001895581
0.000003490778
-0.000003572806
-0.000003653739
0.000003734779
0.000003826624
0.000003909091
-0.000003990430
-0.000004071577
-0.000004145991
-0.000004224402
-0.000004299440
0.000004372209
0.000004441505
-0.000004506747
0.000004564597
0.000004623210
0.000004671748
-0.000004704385
0.000004739967
-0.000004730426
0.000004667485
-0.000004564627
0.000004423607
-0.000004258224
-0.000004079535
0.000003899815
0.000003717606
-0.000003548773
-0.000003385373
-0.000003226325
-0.000003075402
-0.000002938269
0.000003512424
-0.000003357713
-0.000003207862
-0.000003077195
0.000002924213
0.000002800511
-0.000002688859
-0.000002608252
0.000002529372
-0.000002436913
-0.000002396574
0.000002402292
-0.000002477518
0.000002602743
-0.000002819734
-0.000003117399
-0.000003524904
0.000003968998
0.000004452655
-0.000004946625
0.000005423352
-0.000005877508
-0.000006274379
-0.000006604815
-0.000006875015
-0.000007077210
-0.000007232400
-0.000007327712
-0.000007356931
-0.000008226868
0.000008081354
0.000007934421
-0.000007789830
0.000007663657
-0.000007561102
-0.000007488600
-0.000007441216
-0.000007540765
-0.000010947299
-0.000010152060
