-0.000000237912
0.000000233954
0.000000229093
0.000000219929
-0.000000214749
-0.000000209961
-0.000000203245
-0.000000201166
0.000000200471
-0.000000201620
0.000000205402
0.000000210873
-0.000000222171
0.000000240435
0.000000276413
-0.000000447318
0.000000448233
-0.000000372465
0.000000409238
0.000000435572
-0.000000439788
0.000000475410
0.000000459135
-0.000000408195
-0.000000328188
0.000000261020
0.000000144673
-0.000000029651
-0.000000242868
-0.000000291012
-0.000000760478
-0.000001179485
-0.000001544436
0.000001846803
0.000002091213
-0.000002374164
0.000003322869
-0.000003368535
-0.000003146463
-0.000002762588
-0.000002255430
0.000002372874
-0.000001883568
-0.000001410247
0.000000403826
0.000000219675
-0.000000787403
0.000001311642
-0.000001791484
0.000006303072
0.000006938702
-0.000007485043
0.000007938687
0.000008302235
0.000008507884
0.000008571277
0.000008485689
0.538542214939
0.503197183711
0.466865227770
0.429424759487
0.390738493932
0.350651373702
0.308988581396
0.265553271613
0.220122047755
0.171482935033
0.121064915693
0.067731841983
0.011091487815
-0.049307206594
-0.113982427117
-0.184922872068
-0.260333044672
-0.342148665981
-0.431260430444
-0.528664401481
-0.636333537901
-0.753878411354
-0.883181038991
-1.025300729447
-1.181014928830
-1.727796897707
-1.930328494767
-2.136570587177
-2.340969055159
-2.537733267388
-2.721694446226
-2.889207554015
-3.038201000629
3.168226056323
3.279969240382
3.374694640546
3.453058610513
3.516175872157
3.560372015798
3.573208764814
3.497504789235
3.517295142531
3.511588110351
3.492547085083
3.473501754232
3.454477218864
3.435492956930
3.416563284059
3.397700410153
3.378906272830
3.360185926807
3.341540083010
3.322967552784
3.304465793560
3.286031323479
3.267660112676
3.249347050918
3.231089825413
3.227447124232
3.212885130933
3.115747941424
3.100504118740
3.085160925430
3.069722506738
3.054193108172
3.038576945617
3.022878361433
3.007101706030
2.991251245008
2.975331517422
2.959346835058
2.943301560269
2.927200075528
2.911046726458
2.894845908549
2.878601809344
2.862319072976
2.846001980480
2.813282236999
2.780477713774
2.747623578967
2.714755427860
2.681906623788
-2.649110033065
-2.616395333312
-2.583788253903
-2.551309345213
-2.518972521855
-2.486784069142
-2.454741147604
-2.422831234437
-2.391029404992
-2.332301388783
2.301651151385
2.270908393663
2.240006533034
2.208868866388
2.177414296808
2.145557102925
2.113214194710
2.080310014951
2.046782598955
2.012592861899
1.977725020130
1.942194772521
1.906049553096
1.869368745926
1.832260070127
1.794853835448
1.757295137717
1.719736476575
1.682328749434
1.645214228589
1.608520736595
1.572357348946
1.536812728149
1.501954619326
1.467830360961
1.434468962525
1.401883223521
1.370072633519
1.338802844779
1.308532019857
1.278976756083
1.250107099716
1.221890470418
1.194293279634
1.167281680723
1.102105257340
1.039934990370
0.980146947417
0.923043863204
