      R          E1             E2
    2.112   -686.6512947   -686.5550402
    2.110   -686.6513257   -686.5548952
    2.100   -686.6514531   -686.5541537
    2.090   -686.6515318   -686.5533833
    2.080   -686.6515593   -686.5525815
    2.070   -686.6515330   -686.5517460
    2.060   -686.6514500   -686.5508741
    2.050   -686.6513075   -686.5499631
    2.040   -686.6511022   -686.5490101
    2.030   -686.6508310   -686.5480122
    2.020   -686.6504905   -686.5469664
    2.010   -686.6500770   -686.5458697
    2.000   -686.6495866   -686.5447193
    1.990   -686.6490154   -686.5435122
    1.980   -686.6483590   -686.5422458
    1.970   -686.6476126   -686.5409179
    1.960   -686.6467711   -686.5395264
    1.950   -686.6458291   -686.5380704
    1.940   -686.6447804   -686.5365497
    1.930   -686.6436178   -686.5349658
    1.920   -686.6423335   -686.5333223
    1.915   -686.6416426   -686.5324802
    1.910   -686.6409176   -686.5316261
    1.905   -686.6401567   -686.5307616
    1.900   -686.6393584   -686.5298885
    1.895   -686.6385204   -686.5290092
    1.890   -686.6376408   -686.5281261
    1.885   -686.6367172   -686.5272417
    1.880   -686.6357472   -686.5263578
    1.875   -686.6347291   -686.5254741
    1.870   -686.6336623   -686.5245866
    1.865   -686.6325488   -686.5236851
    1.860   -686.6313934   -686.5227535
    1.855   -686.6302027   -686.5217729
    1.850   -686.6289832   -686.5207275
    1.845   -686.6277388   -686.5196087
    1.840   -686.6264707   -686.5184141
    1.835   -686.6251778   -686.5171453
    1.830   -686.6238582   -686.5158051
    1.825   -686.6225093   -686.5143969
    1.820   -686.6211287   -686.5129232
    1.815   -686.6197139   -686.5113860
    1.810   -686.6182627   -686.5097869
    1.805   -686.6167730   -686.5081266
    1.800   -686.6152427   -686.5064058
    1.795   -686.6136702   -686.5046245
    1.790   -686.6120535   -686.5027826
    1.785   -686.6103912   -686.5008797
    1.780   -686.6086815   -686.4989153
    1.775   -686.6069230   -686.4968888
    1.770   -686.6051140   -686.4947992
    1.765   -686.6032532   -686.4926457
    1.760   -686.6013390   -686.4904274
    1.755   -686.5993700   -686.4881431
    1.750   -686.5973447   -686.4857917
    1.745   -686.5952616   -686.4833721
    1.740   -686.5931194   -686.4808829
    1.735   -686.5909165   -686.4783230
    1.730   -686.5886514   -686.4756909
    1.725   -686.5863226   -686.4729853
    1.720   -686.5839288   -686.4702049
    1.715   -686.5814682   -686.4673481
    1.710   -686.5789395   -686.4644135
    1.705   -686.5763409   -686.4613995
    1.700   -686.5736711   -686.4583046
    1.695   -686.5709283   -686.4551273
    1.690   -686.5681109   -686.4518658
    1.685   -686.5652174   -686.4485186
    1.680   -686.5622459   -686.4450840
    1.675   -686.5591949   -686.4415602
    1.670   -686.5560625   -686.4379454
    1.665   -686.5528472   -686.4342380
    1.660   -686.5495469   -686.4304360
    1.655   -686.5461601   -686.4265377
    1.650   -686.5426848   -686.4225411
    1.645   -686.5391191   -686.4184443
    1.640   -686.5354612   -686.4142454
    1.635   -686.5317091   -686.4099424
    1.630   -686.5278609   -686.4055331
    1.625   -686.5239146   -686.4010157
    1.620   -686.5198681   -686.3963880
    1.615   -686.5157194   -686.3916478
    1.610   -686.5114663   -686.3867929
    1.605   -686.5071069   -686.3818213
    1.600   -686.5026388   -686.3767305
    1.595   -686.4980599   -686.3715184
    1.590   -686.4933680   -686.3661827
    1.585   -686.4885607   -686.3607209
    1.580   -686.4836358   -686.3551307
    1.575   -686.4785908   -686.3494096
    1.570   -686.4734235   -686.3435552
    1.565   -686.4681314   -686.3375650
    1.560   -686.4627119   -686.3314364
    1.555   -686.4571627   -686.3251668
    1.550   -686.4514811   -686.3187536
    1.545   -686.4456645   -686.3121942
    1.540   -686.4397104   -686.3054859
    1.535   -686.4336160   -686.2986259
    1.530   -686.4273786   -686.2916114
    1.525   -686.4209955   -686.2844397
    1.520   -686.4144638   -686.2771079
    1.515   -686.4077807   -686.2696132
    1.510   -686.4009433   -686.2619527
    1.505   -686.3939488   -686.2541233
    1.500   -686.3867940   -686.2461222
    1.495   -686.3794760   -686.2379464
    1.490   -686.3719916   -686.2295929
    1.485   -686.3643379   -686.2210586
    1.480   -686.3565116   -686.2123406
    1.475   -686.3485095   -686.2034357
    1.470   -686.3403284   -686.1943408
    1.465   -686.3319649   -686.1850530
    1.460   -686.3234158   -686.1755692
    1.455   -686.3146776   -686.1658862
    1.450   -686.3057469   -686.1560012
    1.445   -686.2966202   -686.1459110
    1.440   -686.2872940   -686.1356127
    1.435   -686.2777648   -686.1251034
    1.430   -686.2680289   -686.1143802
    1.425   -686.2580826   -686.1034404
    1.420   -686.2479222   -686.0922812
    1.415   -686.2375441   -686.0809001
    1.410   -686.2269444   -686.0692945
    1.405   -686.2161192   -686.0574623
    1.400   -686.2050647   -686.0454012
    1.395   -686.1937771   -686.0331092
    1.390   -686.1822522   -686.0205846
    1.385   -686.1704861   -686.0078260
    1.380   -686.1584748   -685.9948319
    1.375   -686.1462143   -685.9816013
    1.370   -686.1337003   -685.9681335
    1.365   -686.1209287   -685.9544278
    1.360   -686.1078953   -685.9404838
    1.355   -686.0945960   -685.9263015
    1.350   -686.0810264   -685.9118805
    1.345   -686.0671823   -685.8972207
    1.340   -686.0530592   -685.8823215
    1.335   -686.0386529   -685.8671821
    1.330   -686.0239589   -685.8518009
    1.325   -686.0089727   -685.8361753
    1.320   -685.9936899   -685.8203016
    1.315   -685.9781059   -685.8041746
    1.310   -685.9622160   -685.7877874
    1.305   -685.9460156   -685.7711313
    1.300   -685.9295000   -685.7541959
    1.295   -685.9126642   -685.7369692
    1.290   -685.8955035   -685.7194379
    1.285   -685.8780128   -685.7015880
    1.280   -685.8601870   -685.6834047
    1.275   -685.8420209   -685.6648734
    1.270   -685.8235090   -685.6459792
    1.265   -685.8046455   -685.6267070
    1.260   -685.7854243   -685.6070404
    1.255   -685.7658378   -685.5869596
    1.250   -685.7458762   -685.5664341
    1.245   -685.7255208   -685.5453938
    1.240   -685.7046498   -685.5233019
    1.235   -685.6836369   -685.5019197
    1.230   -685.6622336   -685.4797677
    1.225   -685.6404394   -685.4571865
    1.220   -685.6182505   -685.4341828
    1.215   -685.5956631   -685.4107680
    1.210   -685.5726733   -685.3869576
    1.205   -685.5492773   -685.3627705
    1.200   -685.5254711   -685.3382278
    1.195   -685.5012510   -685.3133504
    1.190   -685.4766130   -685.2881569
    1.185   -685.4515534   -685.2626612
    1.180   -685.4260680   -685.2368708
    1.175   -685.4001527   -685.2107869
    1.170   -685.3738032   -685.1844046
    1.165   -685.3470149   -685.1577141
    1.160   -685.3197832   -685.1307024
    1.155   -685.2921033   -685.1033543
    1.150   -685.2639703   -685.0756537
    1.145   -685.2353791   -685.0475843
    1.140   -685.2063246   -685.0191302
    1.135   -685.1768014   -684.9902761
    1.130   -685.1468043   -684.9610074
    1.125   -685.1163275   -684.9313104
    1.120   -685.0853653   -684.9011719
    1.115   -685.0539118   -684.8705794
    1.110   -685.0219608   -684.8395208
    1.105   -684.9895059   -684.8079844
    1.100   -684.9565405   -684.7759589