1.12 0.389390457764
1.125 0.373204172233
1.13 -0.339007437464
1.135 0.256404241232
1.14 0.032270314477
1.145 -0.249777974244
1.15 -0.360472947225
1.155 -0.397054373972
1.16 -0.409576520719
1.165 -0.412342369580
1.17 -0.410390192657
1.175 -0.405891668529
1.18 -0.399885775678
1.185 -0.392963303014
1.19 -0.385460399594
1.195 -0.377582549756
1.20 -0.369515511927
1.205 -0.432449063880
1.21 -0.437429738150
1.215 -0.442096597563
1.22 -0.446502593406
1.225 -0.450689686589
1.23 -0.454870318869
1.235 -0.458691607127
1.24 -0.462393450344
1.245 -0.465997068395
1.25 -0.469490693388
1.255 -0.472915313354
1.26 -0.476096935520
1.265 -0.479144486684
1.27 -0.482075917491
1.275 -0.484902242205
1.28 -0.487630805344
1.285 -0.490267055929
1.29 -0.492815259638
1.295 -0.495278964212
1.30 -0.497661207425
1.31 -0.502410349484
1.32 -0.506600744672
1.33 -0.510522346543
1.34 -0.514198955108
1.35 -0.517620970110
1.36 -0.520798869106
1.37 -0.523741561556
1.38 -0.526459914731
1.39 -0.528961671846
1.40 -0.531254997785
1.41 -0.533347690145
1.42 -0.535247277533
1.43 -0.536961175832
1.44 -0.538496872096
1.45 -0.539862163053
1.46 -0.541065390248
1.47 -0.542115547003
1.48 -0.543022582155
1.49 -0.543795388504
1.50 -0.544439046636
1.51 -0.544944691554
1.52 -0.545276638742
1.53 -0.545368221459
1.54 -0.545209760549
1.55 -1.001149341713
1.56 -0.990695649613
1.57 -0.981728374714
1.58 -0.973705185787
1.59 -0.966302313534
1.60 -0.959310748184
1.61 -0.952586608856
1.62 -0.946025487612
1.63 -0.939546457955
1.64 -0.933082990813
1.65 -0.926577340121
1.66 -0.919975988065
1.67 -0.913226623580
1.68 -0.906275845699
1.69 -0.899067276238
1.70 -0.891540048049
1.71 -0.883626769293
1.72 -0.875252746877
1.73 -0.866327229997
1.74 -0.856722216258
1.75 -0.846210791434
1.76 -0.834374826410
1.77 -0.820681327744
1.80 -0.766073553516
1.81 -0.742444275926
1.82 -0.715134063241
1.83 -0.683433784649
1.84 -0.646946265056
1.85 -0.606289156444
1.86 -0.563688504400
1.87 -0.522236723223
1.88 -0.484129311885
1.89 -0.450036634790
1.90 -0.419704446673
1.91 -0.392504737953
1.92 -0.368072669159
1.93 -0.345817300994
1.94 -0.325396621183
1.95 -0.306524669152
1.957 -0.294115469195
1.96 -0.288981334385
1.97 -0.272618426280
1.98 -0.257803746256
1.99 -0.289046953095
2.00 -0.303612248693
2.01 -0.289301687213
2.02 -0.275359177111
2.03 -0.261785406535
2.04 -0.248591858904
2.05 -0.235756249044
2.06 -0.223288222971
2.07 -0.185822797270
2.08 -0.174717932913
2.09 -0.163991388516
2.10 -0.153636011801
2.11 -0.143625254801
2.112 -0.141669644405
2.12 -0.133988242347
2.13 -0.124698681615
2.14 -0.115748057424
2.15 -0.107127146782
2.16 -0.098826510020
2.17 -0.090836324772
2.18 -0.083146169866
2.19 -0.075745601215
2.20 -0.068623733817
2.21 -0.061769417815
2.22 -0.055171275257
2.23 -0.048817716960
2.24 -0.042696927284
2.25 -0.036796907132
2.26 -0.031105595059
2.27 -0.025610615733
2.28 -0.020299536642
2.29 -0.015159544973
2.30 -0.010177392444
2.32 -0.000632485925
2.34 0.008451449293
2.36 0.017207720466
2.38 0.025798075761
2.4 0.034426718767
2.42 0.043336573335
2.44 0.052715302435
2.46 0.062416438532
2.48 0.071204288063
2.5 0.077700303043
2.52 0.081763182924
2.54 0.084447102373
2.56 0.086488771839
2.58 0.088193637214
2.6 0.089718738987
2.62 0.091106436274
2.64 0.092428833900
2.66 0.093710998785
2.68 0.094989525547
2.7 0.096217066300
2.72 0.097421210166
2.74 0.098605347145
2.76 0.099773381305
2.78 0.100930218358
2.8 0.102082044923
2.82 0.103220251943
2.84 0.104387509919
2.86 0.105578518881
2.88 0.106804186017
2.90 0.108073060139
2.92 0.109388831728
2.94 0.110747177713
2.96 0.112163609424
2.98 0.113549785479
3.00 0.114898579936
3.02 0.116162134985
3.04 0.116897542027
3.06 0.118043661640
3.08 0.118882522255
3.10 0.119389095940
3.12 0.119554409580
3.14 0.119375826120
3.16 -0.118868570608
3.18 -0.118062970050
3.20 -0.116968795559
3.22 -0.115614553035
3.24 -0.114054702823
3.26 -0.112308880439
3.28 -0.110407056098
3.30 -0.108376850083
3.35 -0.102896280650
3.4 -0.097066030457
3.45 -0.091139144867
3.5 -0.085223124315
