1.12 -1.406593542408
1.125 -1.402270644647
1.13 -1.397972121329
1.135 -1.393718398922
1.14 -1.389460000636
1.145 -1.385226153031
1.15 -1.380997243909
1.155 -1.376773444084
1.16 -1.372515332559
1.165 -1.368285660252
1.17 -1.364046190249
1.175 -1.359788967223
1.18 -1.355502611536
1.185 -1.351177177623
1.19 -1.346797068804
1.195 -1.342339609612
1.20 -1.337769156925
1.205 -1.331097867151
1.21 -1.326045097267
1.215 -1.320635046546
1.22 -1.314658223388
1.225 -1.307764300559
1.23 -1.299350968902
1.235 -1.288340108455
1.24 -1.272904614889
1.245 -1.250671105771
1.25 -1.222306758080
1.255 -1.195746434121
1.26 -1.176006322886
1.265 -1.161614040919
1.27 -1.150447687665
1.275 -1.141218751226
1.28 -1.133220351730
1.285 -1.126048705883
1.29 -1.119464433287
1.295 -1.113317935935
1.30 -1.107511197733
1.31 -1.096668676676
1.32 -1.086595258765
1.33 -1.077095690149
1.34 -1.068042257576
1.35 -1.059340051516
1.36 -1.050909838592
1.37 -1.042726376737
1.38 -1.034616037345
1.39 -1.026542646572
1.40 -1.018402327640
1.41 -1.010059256784
1.42 -1.001322695972
1.43 -0.991904388290
1.44 -0.981332759853
1.45 -0.968761318688
1.46 -0.952481297777
1.47 -0.928363856356
1.48 -0.884157348120
1.49 -0.761507503445
1.50 -0.187893750508
1.51 0.344961087496
1.52 0.474842709690
1.53 -0.524427409350
1.54 -0.549895633237
1.55 0.565080971948
1.56 -0.574953082574
1.57 -0.581704915777
1.58 0.586460590991
1.59 0.589847593917
1.60 0.592242340068
1.61 -0.593884783135
1.62 0.594935649592
1.63 -0.595507836891
1.64 0.595683792940
1.65 0.595526195374
1.66 -0.595084831055
1.67 -0.594401387307
1.68 0.593513140328
1.69 0.592456366971
1.70 -0.591270042824
1.71 -0.590000223919
1.72 0.588704860570
1.73 0.587455733817
1.74 0.586321321900
1.75 -0.585287587870
1.76 0.584095879197
1.77 -0.582261910856
1.80 0.572454453023
1.81 0.568451071002
1.82 0.564216343138
1.83 -0.559739465267
1.84 -0.555036867868
1.85 -0.550209964095
1.86 0.545455342292
1.87 0.540964188162
1.88 0.536805310406
1.89 0.532933943668
1.90 0.529266442898
1.91 0.525733236330
1.92 0.522257554829
1.93 -0.518813047578
1.94 0.515368065272
1.95 0.511903398054
1.957 -0.509459714721
1.96 -0.508407071149
1.97 0.504876323724
1.98 0.501373153295
1.99 0.500959838422
2.00 0.497651443980
2.01 -0.494106301746
2.02 0.490480237939
2.03 -0.486774681835
2.04 -0.482996998024
2.05 -0.479137182813
2.06 -0.475202643401
2.07 -0.470667311050
2.08 -0.466551753983
2.09 0.462368440482
2.10 0.458119257020
2.11 0.453810155552
2.112 0.452940006762
2.12 -0.449434965656
2.13 -0.444999988959
2.14 -0.440507142741
2.15 0.435958640179
2.16 0.431356606715
2.17 -0.426703249624
2.18 0.422000892342
2.19 -0.417251689289
2.20 -0.412457908119
2.21 0.407621779263
2.22 0.402745585473
2.23 0.397831559004
2.24 -0.392881909128
2.25 0.387898767661
2.26 0.382884386209
2.27 -0.377840763061
2.28 0.372769848144
2.29 -0.367673594426
2.30 0.362553569601
2.32 -0.352249248802
2.34 0.341866913214
2.36 0.331411820896
2.38 0.320881366285
2.4 0.310261297122
2.42 0.299518997847
2.44 -0.288595771089
2.46 -0.277389975373
2.48 -0.265801997637
2.5 -0.253787583012
2.52 -0.241517682173
2.54 0.229328549380
2.56 0.217497864500
2.58 0.206106901988
2.6 -0.195108126844
2.62 0.184429720605
2.64 0.174020596558
2.66 -0.163858205970
2.68 0.153930574181
2.7 0.144239793325
2.72 0.134777236800
2.74 -0.125535791073
2.76 0.116509377142
2.78 0.107693495374
2.8 0.099084947229
2.82 -0.090691408847
2.84 -0.082494429769
2.86 0.074504266611
2.88 0.066726989947
2.90 0.059173303694
2.92 -0.051860835663
2.94 0.044815314301
2.96 0.038063358375
2.98 0.031658478745
3.00 -0.025636804755
3.02 0.020039894351
3.04 -0.015184947947
3.06 -0.010464806909
3.08 0.006296450367
3.10 -0.002670923830
3.12 0.000433733790
3.14 0.003037725485
3.16 0.005177010504
3.18 -0.006885996331
3.20 0.008209524336
3.22 -0.009165573331
3.24 -0.009837499592
3.26 -0.010243630174
3.28 -0.010421925766
3.30 -0.010407431745
3.35 0.009736946896
3.4 0.008459945178
3.45 0.006943098389
3.5 0.005327443537
