1.12 -0.636877980993
1.125 -0.636488137055
1.13 -0.646467761652
1.135 -0.675143457344
1.14 -0.714563913732
1.145 -0.663076447003
1.15 0.602675337790
1.155 0.571980299979
1.16 -0.556132956085
1.165 -0.547534927146
1.17 -0.542877163123
1.175 0.540585869375
1.18 -0.539780628934
1.185 0.539989427925
1.19 -0.540909032876
1.195 -0.542342298554
1.20 0.544172868270
1.205 -0.556845773802
1.21 -0.557078746289
1.215 0.557973822969
1.22 -0.559343328755
1.225 -0.561056584013
1.23 0.562995626160
1.235 0.565121426451
1.24 0.567333363216
1.245 0.569533908496
1.25 -0.571646298004
1.255 -0.573757460871
1.26 0.575998899134
1.265 -0.578369250687
1.27 0.580823737878
1.275 -0.583330958320
1.28 0.585856855784
1.285 -0.588391986762
1.29 -0.590924069571
1.295 -0.593445931624
1.30 0.595952675324
1.31 0.600908024655
1.32 0.605778873942
1.33 -0.610564439791
1.34 -0.615275339641
1.35 -0.619931754412
1.36 0.624563418866
1.37 -0.629214705080
1.38 -0.633941687947
1.39 0.638825336684
1.40 -0.643976900783
1.41 0.649555510686
1.42 0.655797098820
1.43 0.663067584689
1.44 -0.671968028381
1.45 -0.683561338500
1.46 0.699920942985
1.47 -0.725691265587
1.48 0.773552530366
1.49 -0.889938700852
1.50 -1.152641438828
1.51 -1.112020139765
1.52 -1.059287279369
1.53 -1.031648966946
1.54 -1.014039554310
1.55 -0.544741720260
1.56 -0.544091603560
1.57 -0.543326858032
1.58 -0.542478693963
1.59 -0.541555899254
1.60 -0.540558725956
1.61 -0.539485577999
1.62 -0.538335731329
1.63 -0.537109847957
1.64 -0.535810279907
1.65 -0.534441078839
1.66 -0.533008267381
1.67 -0.531520344356
1.68 -0.529989129901
1.69 -0.528431298494
1.70 -0.526870750634
1.71 -0.525342059073
1.72 -0.523894670427
1.73 -0.522593722784
1.74 -0.521501602628
1.75 -0.520595129565
1.76 -0.519595729663
1.77 -0.517985724478
1.80 -0.509072286081
1.81 -0.505541094193
1.82 -0.501899505338
1.83 -0.498155328262
1.84 -0.494338171345
1.85 -0.490537013272
1.86 -0.486891939586
1.87 -0.483512352714
1.88 -0.480409032626
1.89 -0.477521881676
1.90 -0.474777374574
1.91 -0.472111458231
1.92 -0.469489494046
1.93 -0.466879380002
1.94 -0.464262025075
1.95 -0.461624886933
1.957 -0.459762957689
1.96 -0.458960603386
1.97 -0.456269241839
1.98 -0.453615225347
1.99 -0.454744561413
2.00 -0.453348759141
2.01 -0.450486088453
2.02 -0.447571761806
2.03 -0.444606357144
2.04 -0.441587118284
2.05 -0.438521207739
2.06 -0.435406111048
2.07 -0.430942232046
2.08 -0.427740903960
2.09 -0.424491834325
2.10 -0.421195872105
2.11 -0.417833722906
2.112 -0.417160104242
2.12 -0.414447785058
2.13 -0.411017904306
2.14 -0.407545010025
2.15 -0.404030241162
2.16 -0.400474712389
2.17 -0.396879525928
2.18 -0.393245948011
2.19 -0.389575118334
2.20 -0.385868257197
2.21 -0.382126583609
2.22 -0.378351303189
2.23 -0.374543624836
2.24 -0.370704740521
2.25 -0.366835790843
2.26 -0.362937965480
2.27 -0.359012325301
2.28 -0.355059906330
2.29 -0.351081669993
2.30 -0.347078587109
2.32 -0.339000560531
2.34 -0.330830673057
2.36 -0.322571146339
2.38 -0.314220827337
2.4 -0.305773995914
2.42 -0.297218885812
2.44 -0.288536865745
2.46 -0.279704631154
2.48 -0.270765482587
2.5 -0.261818174860
2.52 -0.253066107757
2.54 -0.244691217635
2.56 -0.236730730043
2.58 -0.229104899331
2.6 -0.221708890854
2.62 -0.214455870175
2.64 -0.207282989803
2.66 -0.200149724429
2.68 -0.193048123367
2.7 -0.185960281417
2.72 -0.178906353166
2.74 -0.171900461952
2.76 -0.164956639643
2.78 -0.158088020553
2.8 -0.151307750400
2.82 -0.144617443674
2.84 -0.138056194005
2.86 -0.131628195640
2.88 -0.125351805859
2.90 -0.119246174635
2.92 -0.113330359100
2.94 -0.107622305255
2.96 -0.102136040711
2.98 -0.096883621967
3.00 -0.091869139612
3.02 -0.087091326540
3.04 -0.084000923888
3.06 -0.079703840046
3.08 -0.075578460803
3.10 -0.071614868259
3.12 -0.067806977054
3.14 -0.064150064923
3.16 0.060643082673
3.18 0.057285938106
3.20 0.054079040421
3.22 0.051024295853
3.24 0.048120689624
3.26 0.045368098341
3.28 0.042765448715
3.30 0.040310426991
3.35 0.034795047306
3.4 0.030116129010
3.45 0.026164276778
3.5 0.022860624710
