1.12 -0.878180995269
1.125 -0.883494157821
1.13 -0.879950128694
1.135 -0.849545756388
1.14 -0.699980654738
1.145 -0.400348435431
1.15 0.234240147238
1.155 0.159645530264
1.16 -0.119797517501
1.165 -0.095222169285
1.17 -0.078432790466
1.175 0.066000540362
1.18 -0.056338341138
1.185 0.048424917684
1.19 -0.041691064480
1.195 -0.035778932678
1.20 0.030423537965
1.205 -0.077421317648
1.21 -0.064893480174
1.215 0.054435113037
1.22 -0.045457772165
1.225 -0.037568792908
1.23 0.030467912930
1.235 0.024017378345
1.24 0.018040263325
1.245 0.012426671222
1.25 -0.007136349761
1.255 -0.002221426050
1.26 -0.002336992167
1.265 0.006641521518
1.27 -0.010773232622
1.275 0.014802737550
1.28 -0.018714484607
1.285 0.022551647148
1.29 0.026328086794
1.295 0.030054876339
1.30 -0.033741192538
1.31 -0.041023477027
1.32 -0.048230319227
1.33 0.055412951175
1.34 0.062622836840
1.35 0.069914800289
1.36 -0.077351486792
1.37 0.085042909742
1.38 0.093004748004
1.39 -0.101376031998
1.40 0.110287488761
1.41 -0.119904219494
1.42 -0.130438937698
1.43 -0.142171734329
1.44 0.155480775068
1.45 0.170891743260
1.46 -0.189162366859
1.47 0.211436173319
1.48 -0.239537448926
1.49 0.275493733588
1.50 0.278302788782
1.51 0.227889487725
1.52 0.245900473380
1.53 0.287884884995
1.54 0.335516109685
1.55 0.656093695612
1.56 0.686148146382
1.57 0.705221975659
1.58 0.716944722435
1.59 0.724183929829
1.60 0.728769426080
1.61 0.731775068107
1.62 0.733815013664
1.63 0.735236995579
1.64 0.736235655198
1.65 0.736916072099
1.66 0.737326991929
1.67 0.737475853463
1.68 0.737331769076
1.69 0.736812548417
1.70 0.735748492622
1.71 0.733796895476
1.72 0.730250641174
1.73 0.723620375361
1.74 0.710840469752
1.75 0.686455806885
1.76 0.644582873066
1.77 0.587182103011
1.80 0.436702119287
1.81 0.406770000744
1.82 0.383791344009
1.83 0.365665746373
1.84 0.350962150467
1.85 0.338796750640
1.86 0.328681565738
1.87 0.320288362082
1.88 0.313274204397
1.89 0.307287065295
1.90 0.302031159659
1.91 0.297289613848
1.92 0.292904947669
1.93 0.288771477807
1.94 0.284813813573
1.95 0.280978196644
1.957 0.278344870054
1.96 0.277226369536
1.97 0.273534458126
1.98 0.269951218595
1.99 0.270907638282
2.00 0.271558317051
2.01 0.268172436437
2.02 0.264735553924
2.03 0.261246901344
2.04 0.257722632890
2.05 0.254130243244
2.06 0.250485678397
2.07 0.242656861491
2.08 0.238907853711
2.09 0.235111457888
2.10 0.231268310056
2.11 0.227388758804
2.112 0.226605449498
2.12 0.223454095196
2.13 0.219474434384
2.14 0.215450114238
2.15 0.211381337172
2.16 0.207268203666
2.17 0.203110171455
2.18 0.198906823358
2.19 0.194657190845
2.20 0.190359921169
2.21 0.186013221158
2.22 0.181614836954
2.23 0.177161838804
2.24 0.172650709760
2.25 0.168077219900
2.26 0.163436174122
2.27 0.158721536647
2.28 0.153926303818
2.29 0.149041974556
2.30 0.144059718511
2.32 0.133749331390
2.34 0.122878855077
2.36 0.111288577340
2.38 0.098762698786
2.4 0.084978265814
2.42 0.069600493996
2.44 0.052166769863
2.46 0.032329277033
2.48 0.010270488187
2.5 -0.012744711450
2.52 -0.034382090364
2.54 -0.052533952152
2.56 -0.066548742636
2.58 -0.077004269947
2.6 -0.084834062810
2.62 -0.090843171576
2.64 -0.095620720425
2.66 -0.099585409689
2.68 -0.103046237694
2.7 -0.106156445183
2.72 -0.109043994125
2.74 -0.111763832649
2.76 -0.114337050574
2.78 -0.116764694993
2.8 -0.119038575595
2.82 -0.121136588809
2.84 -0.123066377733
2.86 -0.124811621181
2.88 -0.126373442768
2.90 -0.127761218429
2.92 -0.128991770684
2.94 -0.130086541362
2.96 -0.131067852760
2.98 -0.131955169351
3.00 -0.132761888207
3.02 -0.133493650931
3.04 -0.133660698044
3.06 -0.134173072026
3.08 -0.134598922071
3.10 -0.134917046237
3.12 -0.135098690657
3.14 -0.135146479303
3.16 -0.135040405288
3.18 -0.134774031812
3.20 -0.134345341745
3.22 -0.133755683255
3.24 -0.133010280664
3.26 -0.132116446001
3.28 -0.131083169690
3.30 -0.129920323818
3.35 -0.126490099944
3.4 -0.122503745935
3.45 -0.118109352079
3.5 -0.113408793750
