1.12 -0.842695626595
1.125 -0.806617786497
1.13 -0.772551498130
1.135 -0.740584643960
1.14 -0.710677398668
1.145 -0.682713092043
1.15 -0.656546922392
1.155 -0.632021080894
1.16 -0.608119703897
1.165 -0.586449429431
1.17 -0.565985361116
1.175 -0.546609612303
1.18 -0.528219898000
1.185 -0.510720830776
1.19 -0.494028085066
1.195 -0.478065681628
1.20 -0.462765536099
1.205 -0.443450110008
1.21 -0.429275782102
1.215 -0.415597268947
1.22 -0.402339188190
1.225 -0.389414230066
1.23 -0.376716408120
1.235 -0.364080792700
1.24 -0.351304335127
1.245 -0.338208278682
1.25 -0.325105461003
1.255 -0.312976551510
1.26 -0.302085549260
1.265 -0.292030340599
1.27 -0.282499384505
1.275 -0.273342014085
1.28 -0.264467528807
1.285 -0.255838523541
1.29 -0.247427734364
1.295 -0.239215859382
1.30 -0.231187932958
1.31 -0.215635447314
1.32 -0.200685311260
1.33 -0.186264759278
1.34 -0.172306965844
1.35 -0.158749153567
1.36 -0.145528950660
1.37 -0.131271891865
1.38 -0.118571478797
1.39 -0.106014517304
1.40 -0.093530108134
1.41 -0.081042184692
1.42 -0.068470378600
1.43 -0.055736048598
1.44 -0.042780613298
1.45 -0.029619543691
1.46 -0.016503352202
1.47 -0.004436098484
1.48 0.002573983587
1.49 -0.015230322697
1.50 -0.163837265392
1.51 -0.307981227474
1.52 -0.385612215685
1.53 0.458929689858
1.54 0.528592132730
1.55 -0.587303667768
1.56 0.631491498497
1.57 0.662762125146
1.58 -0.684645849704
1.59 -0.700276867940
1.60 -0.711830977427
1.61 0.720690787228
1.62 -0.727709860501
1.63 0.733413477203
1.64 -0.738125869340
1.65 -0.742042076515
1.66 0.745272260315
1.67 0.747860528830
1.68 -0.749791814198
1.69 -0.750977748261
1.70 0.751217012848
1.71 0.750101626814
1.72 -0.746811845384
1.73 -0.739681269500
1.74 -0.725406051107
1.75 0.698339759743
1.76 -0.652826381677
1.77 0.591809700817
1.80 -0.437204350660
1.81 -0.407264174347
1.82 -0.384245873743
1.83 0.365750201636
1.84 0.350170458822
1.85 0.336590324694
1.86 -0.324737158663
1.87 -0.314653590200
1.88 -0.306286156233
1.89 -0.299383509645
1.90 -0.293626015355
1.91 -0.288740099011
1.92 -0.284477066582
1.93 0.280683398245
1.94 -0.277235420298
1.95 -0.274041818544
1.957 0.271919647073
1.96 0.271032648307
1.97 -0.268146445554
1.98 -0.265228401633
1.99 -0.256586937147
2.00 -0.247286375211
2.01 0.246711953187
2.02 -0.246077731711
2.03 0.245382913080
2.04 0.244589798577
2.05 0.243778326280
2.06 0.242910656110
2.07 0.245435782894
2.08 0.243905378042
2.09 -0.242349825156
2.10 -0.240772660237
2.11 -0.239177990300
2.112 -0.238857185191
2.12 0.237568991268
2.13 0.235949818821
2.14 0.234324502152
2.15 -0.232696722952
2.16 -0.231069483037
2.17 0.229447369597
2.18 -0.227833025121
2.19 0.226229445936
2.20 0.224639241010
2.21 -0.223064692059
2.22 -0.221507628390
2.23 -0.219969363544
2.24 0.218450753202
2.25 -0.216951809515
2.26 -0.215472018264
2.27 0.214009728563
2.28 -0.212562323142
2.29 0.211125674841
2.30 -0.209691642169
2.32 0.206809824549
2.34 -0.203820614252
2.36 -0.200567552436
2.38 -0.196794218973
2.4 -0.192143547301
2.42 -0.185916505300
2.44 0.177252810711
2.46 0.164976458438
2.48 0.148046575545
2.5 0.126438042948
2.52 0.102298129045
2.54 -0.079294768153
2.56 -0.060191596928
2.58 -0.045753180219
2.6 0.035482012394
2.62 -0.028529874455
2.64 -0.024113388411
2.66 0.021601447625
2.68 -0.020514207026
2.7 -0.020435967104
2.72 -0.021085734255
2.74 0.022238751795
2.76 -0.023718291535
2.78 -0.025377562650
2.8 -0.027089359611
2.82 0.028729695439
2.84 0.030221637136
2.86 -0.031475925215
2.88 -0.032439547172
2.90 -0.033091553000
2.92 0.033446362629
2.94 -0.033551489850
2.96 -0.033481254275
2.98 -0.033323806617
3.00 0.033169008629
3.02 -0.033093095480
3.04 0.035576532597
3.06 0.034995686867
3.08 -0.034776274690
3.10 0.034844612762
3.12 0.035135130902
3.14 0.035547395210
3.16 -0.036031533596
3.18 0.036533788818
3.20 -0.037005406852
3.22 0.037422199309
3.24 0.037746862854
3.26 0.037969379221
3.28 0.038079484681
3.30 0.038071942181
3.35 -0.037546011023
3.4 -0.036333325301
3.45 -0.034549747682
3.5 -0.032337276021
