1.12 -0.125177750395
1.125 -0.154811971461
1.13 0.209778348817
1.135 -0.327592411429
1.14 -0.589286486029
1.145 -0.826577715999
1.15 -0.890677759102
1.155 -0.908900692843
1.16 -0.916179081277
1.165 -0.919941801340
1.17 -0.922068707059
1.175 -0.923262001250
1.18 -0.923963955968
1.185 -0.924301601554
1.19 -0.924374996439
1.195 -0.924240610970
1.20 -0.923900829832
1.205 0.120333787321
1.21 0.120918298561
1.215 0.121758213857
1.22 0.122824691599
1.225 0.124089649299
1.23 0.125502263028
1.235 0.127071488590
1.24 0.128719648951
1.245 0.130364414824
1.25 0.131937145059
1.255 0.133541849952
1.26 0.135335798967
1.265 0.137339283988
1.27 0.139514570686
1.275 0.141825945188
1.28 0.144248047531
1.285 0.146763158264
1.29 0.149358675691
1.295 0.152025610815
1.30 0.154757375432
1.31 0.160364500943
1.32 0.166227620566
1.33 0.172299210779
1.34 0.178584852692
1.35 0.185101031474
1.36 0.191876889049
1.37 0.198933626611
1.38 0.206372233765
1.39 0.214245781877
1.40 0.222653422631
1.41 0.231724210458
1.42 0.241627035909
1.43 0.252584418647
1.44 0.264893065595
1.45 0.278953345636
1.46 0.295311474109
1.47 0.314717417391
1.48 0.338195115557
1.49 0.367099584677
1.50 0.403059371432
1.51 0.447530044687
1.52 0.500469641172
1.53 0.558125267127
1.54 0.612655489357
1.55 0.378288423272
1.56 0.411537535843
1.57 0.435420298540
1.58 0.452133776787
1.59 0.463882006569
1.60 0.472284226509
1.61 0.478410460989
1.62 0.482944362912
1.63 0.486318782046
1.64 0.488806251971
1.65 0.490572038640
1.66 0.491704161203
1.67 0.492224738042
1.68 0.492087361570
1.69 0.491155380928
1.70 0.489152150421
1.71 0.485558876149
1.72 0.479412281776
1.73 0.468922534344
1.74 0.450887852498
1.75 0.420488789808
1.76 0.374010177543
1.77 0.315940133524
1.80 0.175413390950
1.81 0.147084903070
1.82 0.124192237736
1.83 0.104875231211
1.84 0.087659229571
1.85 0.072123894124
1.86 0.058309298014
1.87 0.046460067477
1.88 0.036594602916
1.89 0.028462438499
1.90 0.021728879401
1.91 0.016056421120
1.92 0.011313402272
1.93 0.007267998051
1.94 0.003803831554
1.95 0.000830278062
1.957 -0.000996415084
1.96 -0.001720743165
1.97 -0.003903946341
1.98 -0.005831311199
1.99 -0.019684735667
2.00 -0.015893816414
2.01 -0.015909856572
2.02 -0.015777097006
2.03 -0.015501309886
2.04 -0.015164108326
2.05 -0.014614858207
2.06 -0.013933249188
2.07 -0.018078344925
2.08 -0.017215829729
2.09 -0.016220925094
2.10 -0.015094841539
2.11 -0.013831485491
2.112 -0.013564475694
2.12 -0.012443893308
2.13 -0.010924017003
2.14 -0.009270509812
2.15 -0.007480669040
2.16 -0.005550970507
2.17 -0.003477584921
2.18 -0.001254556190
2.19 0.001124463673
2.20 0.003667365743
2.21 0.006383521746
2.22 0.009284206221
2.23 0.012382504031
2.24 0.015693904667
2.25 0.019236537932
2.26 0.023031650366
2.27 0.027103989971
2.28 0.031482580594
2.29 0.036201521259
2.30 0.041299880939
2.32 0.052833052821
2.34 0.066561462945
2.36 0.083145387114
2.38 0.103478883467
2.4 0.128796093367
2.42 0.160186412833
2.44 0.198186600911
2.46 0.240134360261
2.48 0.277035394129
2.5 0.297238815883
2.52 0.297674484824
2.54 0.285284471122
2.56 0.268330824553
2.58 0.251758174896
2.6 0.237527266717
2.62 0.225932343138
2.64 0.216758165932
2.66 0.209590414861
2.68 0.204080570641
2.7 0.199764810613
2.72 0.196431828414
2.74 0.193866126439
2.76 0.191890790787
2.78 0.190353599419
2.8 0.189118821370
2.82 0.188047266623
2.84 0.187064357745
2.86 0.186061294089
2.88 0.184967217850
2.90 0.183735657984
2.92 0.182345940939
2.94 0.180801935983
2.96 0.179133038714
2.98 0.177363903127
3.00 0.175546663700
3.02 0.173724004643
3.04 0.173524274494
3.06 0.171408041760
3.08 0.169467641335
3.10 0.167677106716
3.12 0.166018936884
3.14 0.164430960111
3.16 0.162899226411
3.18 0.161389737883
3.20 0.159897295327
3.22 0.158402227944
3.24 0.156886534859
3.26 0.155346695337
3.28 0.153779331470
3.30 0.152183675122
3.35 0.148075823401
3.4 0.143849649534
3.45 0.139552980708
3.5 0.135239529373
