1.12 -1.468594133541
1.125 -1.480443033722
1.13 -1.460989184125
1.135 -1.242483974253
1.14 -0.742255242775
1.145 0.481892634337
1.15 -0.365351211769
1.155 -0.301635659573
1.16 -0.260935742702
1.65 -0.000000573762
1.17 0.212910805726
1.175 -0.197335350506
1.18 0.185035717943
1.185 -0.174723812875
1.19 -0.231707286362
1.195 -0.214895563662
1.20 -0.201404053135
1.205 -0.190409446628
1.21 0.181085172350
1.215 -0.173568706664
1.22 -0.167287365854
1.225 -0.162022194196
1.23 -0.157606646109
1.235 -0.153912181064
1.24 -0.150837695021
1.245 0.148303119501
1.25 -0.146244437242
1.255 0.144610100530
1.26 -0.143358374452
1.265 0.142455457778
1.27 -0.141873958368
1.275 -0.141591841265
1.28 0.141590465356
1.285 0.141856200532
1.29 -0.142253476154
1.295 -0.143034855918
1.30 -0.144061499628
1.31 0.146844137883
1.32 0.150611900557
1.33 0.155412591337
1.34 0.161333892120
1.35 0.168509528945
1.36 0.177129800823
1.37 0.187460003601
1.38 0.199867993733
1.39 -0.214867976484
1.40 -0.233191540778
1.41 -0.255906671655
1.42 -0.284626606787
1.43 0.321897538111
1.44 0.371971492109
1.45 -0.442492116989
1.46 0.548628580455
1.47 0.724905763204
1.48 -1.067132425307
1.49 -1.901382477053
1.50 -2.809093005626
1.51 1.479260434970
1.52 0.878300147129
1.53 -0.611477358191
1.54 -0.465120712557
1.55 0.000001675334
1.56 0.000001738122
1.57 -0.000001793138
1.58 -0.000000542657
1.59 0.000000547693
1.60 -0.000000553584
1.61 0.000000558245
1.62 -0.000000567789
1.63 -0.000000570626
1.64 -0.000000576651
1.65 -0.000000573760
1.66 -0.000000563998
1.67 -0.000000553216
1.68 0.000000517268
1.69 0.000000478939
1.70 -0.000000425732
1.71 0.000000351381
1.72 -0.000000252941
1.73 0.000000127167
1.74 0.000000033312
1.75 -0.000000208611
1.76 0.000000396656
1.77 0.000000577634
1.80 -0.000001106218
1.81 -0.000001262488
1.82 0.000001408353
1.83 -0.000001544858
1.84 0.000001674824
1.85 0.000001797773
1.86 0.000001915303
1.87 0.000002027894
1.88 0.000000217975
1.89 0.000000221225
1.90 -0.000000221020
1.91 -0.000000218352
1.92 0.000000217657
1.93 -0.000000218726
1.94 0.000000220604
1.95 0.000000217651
1.957 -0.000000215797
1.96 0.000000214805
1.97 0.000000204018
1.98 -0.000000189995
1.99 -0.000000249050
2.00 -0.000000239586
2.01 -0.000000226597
2.02 -0.000000209084
2.03 0.000000183225
2.04 -0.000000148539
2.05 0.000000096019
2.06 0.000000217729
2.07 0.000000352665
2.08 0.000000453461
2.09 0.000001594031
2.10 0.000001641405
2.11 -0.000002417601
2.112 0.000002445783
2.12 0.000002559702
2.13 0.000002705601
2.14 -0.000002855604
2.15 0.000002455450
2.16 0.000002508585
2.17 0.000002563292
2.18 -0.000002617799
2.19 -0.000002676049
2.20 -0.000002731304
2.21 0.000002788615
2.22 -0.000002843403
2.23 0.000002890299
2.24 0.000002932148
2.25 0.000002957999
2.26 0.000002963357
2.27 0.000002938966
2.28 -0.000002873808
2.29 0.000002619714
2.30 0.000002390696
2.32 0.000001654958
2.34 0.000000593838
2.36 0.000000494741
2.38 0.000001320352
2.4 0.000002418246
2.42 0.000005945706
2.44 -0.000008718453
2.46 -0.000001199509
2.48 0.000000727182
2.5 -0.000001800383
2.52 0.000002557615
2.54 0.000003185672
2.56 0.000003651160
2.58 -0.000003969334
2.6 0.000004200880
2.62 -0.000004377005
2.64 0.000001072675
2.66 -0.000000916945
2.68 0.000005975656
2.7 -0.000005754534
2.72 0.000005535937
2.74 -0.000005350542
2.76 0.000005181615
2.78 0.000004902135
2.8 -0.000004599658
2.82 0.000004359491
2.84 0.000001310205
2.86 0.000001664386
2.88 0.000002005886
2.90 -0.000002350644
2.92 -0.000002614405
2.94 -0.000002941837
2.96 -0.000003307091
2.98 -0.000003547770
3.00 0.000003875459
3.02 -0.000004158238
3.04 -0.000004457079
3.06 0.000004713499
3.08 -0.000004970329
3.10 0.000005191989
3.12 -0.000005438592
3.14 -0.000005679425
3.16 -0.000005934822
3.18 -0.000006195979
3.20 0.000006470032
3.22 0.000006760644
3.24 -0.000007064913
3.26 0.000007388090
3.28 -0.000007719111
3.30 -0.000008064216
3.35 -0.000008938161
3.4 0.000009713469
3.45 -0.000010291954
3.5 -0.000010591637
