-0.000000649209
-0.000000379897
0.000001240100
0.000001008487
0.000001144493
0.000000912028
0.000000338854
0.000000342171
0.000000354059
0.000000905928
0.000000966937
0.000001027012
0.000001056678
0.000001071567
0.000001054336
0.000001021597
0.000000950813
0.000001334217
0.000001255250
0.000001132605
0.000001056830
0.000000968017
0.000000895500
0.000000841042
0.000000821516
0.000000829772
0.000000875100
0.000002191944
0.000002718082
0.000003415929
0.000004293178
0.000005322986
0.000006428079
0.000005073769
0.000005233437
0.000005237885
0.000008941882
0.000003915749
0.000003062273
0.000002261199
0.000001651477
-0.000001196079
-0.000000860942
-0.000001949503
0.000001637378
0.000001417265
0.000000305455
0.000000271552
0.000000483859
0.000000653527
0.000000778516
-0.000000864323
0.000000920263
0.000000942773
0.000000936140
-0.000000901230
0.000000842881
-0.000000763702
0.000000669989
0.000000564553
0.000000448933
-0.000000325426
-0.000000195708
0.000000061987
0.000000073676
-0.000000210506
0.000000344859
-0.000000478894
0.000000618680
0.000000762892
-0.000000905928
-0.000001050535
-0.000001195798
-0.000001339473
0.000001477664
-0.000001603772
-0.000001705687
-0.000001771587
0.000001790925
-0.000001749442
-0.000001645176
0.000001487574
-0.000001291314
-0.000000643906
0.000000446014
-0.000000264511
0.000000100992
0.000000044384
-0.000000171544
0.000000280354
0.000000371312
-0.000001235432
-0.000001223195
-0.000001281924
0.000001348532
-0.000001411083
-0.000001476515
-0.000001543847
0.000001610367
-0.000001612744
-0.000001629913
0.000001364708
-0.000001383120
-0.000001392979
-0.000001159675
-0.000001126648
0.000001059771
0.000000973328
-0.000000872581
0.000000841720
0.000000034830
-0.000000044413
-0.000000032285
0.000002533123
0.000002541787
-0.000002589447
0.000002621944
-0.000002645584
0.000002732569
0.000001789651
0.000001732802
-0.000000740229
-0.000000719331
-0.000000694823
-0.000000667029
0.000000636495
0.000000602445
0.000000566639
-0.000000529677
0.000000490880
0.000000450876
-0.000000409078
-0.000000308224
-0.000000265217
-0.000000175527
0.000000097981
-0.000000033346
-0.000000522380
-0.000000614311
-0.000000160194
-0.000000236890
-0.000000273380
-0.000000313388
0.000000373526
0.000000436706
0.000000495087
-0.000000551248
0.000000609595
0.000000678314
0.000000742310
0.000000671335
0.000001710693
-0.000001694746
0.000001651391
-0.000001633407
0.000001597615
-0.000001532811
0.000001444513
-0.000001350304
-0.000001257123
-0.000001150420
0.000001088809
-0.000001016285
0.000000858370
-0.000000774513
-0.000000989963
0.000000556659
0.000000142741
-0.000000159538
-0.000000274113
0.000000415210
0.000000573543
0.000000768697
0.000000835326
0.000000929674
-0.000001018425
-0.000001102807
0.000001179316
-0.000001268583
-0.000001362810
0.000001471699
0.000001593451
-0.000001914796
-0.000002292130
-0.000002714228
-0.000003143072
