1.12 0.047152846618
1.125 0.152458587486
1.13 0.368421910611
1.135 -0.879041169198
1.14 -1.345662878113
1.145 -1.473549681018
1.15 -1.519417779911
1.155 -1.544720090529
1.16 -1.561666884801
1.65 -0.115200867317
1.17 -1.585759333646
1.175 -1.594586785828
1.18 -1.601886363709
1.185 -1.607472047303
1.19 -0.000000391365
1.195 0.000001164796
1.20 0.000001031283
1.205 0.000000863003
1.21 -0.000000818343
1.215 -0.000000805118
1.22 -0.000000785989
1.225 -0.000000762683
1.23 -0.000000737301
1.235 -0.000000736598
1.24 -0.000000706884
1.245 -0.000000676810
1.25 -0.000000646718
1.255 -0.000000616894
1.26 -0.000000297794
1.265 -0.000000310998
1.27 -0.000000323778
1.275 -0.000000334078
1.28 -0.000000345816
1.285 -0.000000360622
1.29 -0.000000618603
1.295 -0.000000593596
1.30 -0.000000575804
1.31 -0.000000558724
1.32 -0.000000557958
1.33 -0.000000551239
1.34 -0.000002119759
1.35 -0.000002018583
1.36 -0.000001928640
1.37 -0.000001847799
1.38 -0.000001768350
1.39 -0.000001693047
1.40 -0.000001624123
1.41 -0.000001559371
1.42 -0.000001497517
1.43 -0.000001437247
1.44 -0.000001376064
1.45 -0.000001309724
1.46 -0.000001231767
1.47 -0.000001375341
1.48 -0.000001290157
1.49 -0.000001064463
1.50 0.000000555792
1.51 -0.000001259384
1.52 -0.000001365086
1.53 0.000001491394
1.54 0.000001589888
1.55 -0.373388405450
1.56 -0.310690561882
1.57 0.265182416506
1.58 -0.230675691295
1.59 0.203595183225
1.60 -0.181777771725
1.61 0.163815676023
1.62 -0.148757539294
1.63 -0.135936712098
1.64 -0.124870867906
1.65 -0.115200863382
1.66 -0.106651068944
1.67 -0.099004317525
1.68 0.092082594299
1.69 0.085733789251
1.70 -0.079820897667
1.71 0.074214101364
1.72 -0.068788118694
1.73 0.063430382560
1.74 -0.058065333459
1.75 0.052686072973
1.76 -0.047366406747
1.77 -0.042246617242
1.80 0.029063404602
1.81 0.025582234126
1.82 -0.022561641930
1.83 0.019975546778
1.84 -0.017790257041
1.85 -0.015969057876
1.86 -0.014474998130
1.87 -0.013272532004
1.88 0.029079195046
1.89 0.027706760982
1.90 -0.026394379621
1.91 -0.025133387668
1.92 0.023915544889
1.93 -0.022733194039
1.94 0.021579123320
1.95 0.020446711600
1.957 -0.019663465834
1.96 0.019329547567
1.97 0.018221914936
1.98 -0.017117402713
1.99 -0.016002890151
2.00 -0.014888171347
2.01 -0.013758678292
2.02 -0.012607828988
2.03 0.011429287636
2.04 -0.010213649417
2.05 0.008952667709
2.06 -0.007638382218
2.07 -0.006256708613
2.08 -0.004792647961
2.09 -0.003228500554
2.10 -0.001555508730
2.11 -0.002447645406
2.112 0.002697394950
2.12 0.003746434529
2.13 0.005187500242
2.14 -0.006803350557
2.15 0.008620802086
2.16 0.010704899095
2.17 0.013105349822
2.18 -0.015890296493
2.19 -0.019142499338
2.20 -0.022998829405
2.21 0.027518767638
2.22 -0.032886319585
2.23 0.039294045702
2.24 0.046984621982
2.25 0.056268275653
2.26 0.067545952239
2.27 0.081343410024
2.28 -0.098360788958
2.29 0.119375490713
2.30 0.146001620490
2.32 0.223755893505
2.34 0.357581276600
2.36 -0.595599619085
2.38 -0.967669705241
2.4 -1.330320767087
2.42 -1.534645999939
2.44 1.678321017618
2.46 1.701416640995
2.48 1.712287079660
2.5 -1.716274650523
2.52 1.715992725492
2.54 1.712887542934
2.56 1.707812735519
2.58 -1.701294898416
2.6 1.693671612478
2.62 -1.685166418191
2.64 1.675643998824
2.66 -1.665782941251
2.68 -1.826395596277
2.7 1.811826009346
2.72 -1.796895194331
2.74 1.781593380331
2.76 -1.765911302503
2.78 -1.749838816288
2.8 1.733367137419
2.82 -1.716487635814
2.84 -1.699577860273
2.86 -1.681820677466
2.88 -1.663633071421
2.90 1.645010196313
2.92 1.625948582545
2.94 1.606446626818
2.96 1.586504352489
2.98 1.566125638328
3.00 -1.545316319688
3.02 1.524085309101
3.04 1.502444994151
3.06 -1.480411637700
3.08 1.458004750317
3.10 -1.435247410396
3.12 1.412166290015
3.14 1.388790523235
3.16 1.365152550586
3.18 1.341287052865
3.20 -1.317228688556
3.22 -1.293013284362
3.24 1.268676292253
3.26 -1.244252154625
3.28 1.219775453391
3.30 1.195275479981
3.35 1.134113926383
3.4 -1.073400004792
3.45 1.013488044264
3.5 0.954698749534
