1.12 0.569161594543
1.125 0.818968289015
1.13 1.329349651674
1.135 -2.131461296006
1.14 -1.655691987749
1.145 1.044749272423
1.15 -0.746080251288
1.155 -0.583684497299
1.16 -0.484217488572
1.65 0.000000333672
1.17 0.369997694917
1.175 -0.334734894046
1.18 0.307650656204
1.185 -0.286493280653
1.19 0.000002541882
1.195 0.000004293907
1.20 0.000003723085
1.205 0.000003239690
1.21 -0.000000997738
1.215 0.000000842518
1.22 0.000000708755
1.225 0.000000593775
1.23 0.000000495044
1.235 0.000000313752
1.24 0.000000244718
1.245 -0.000000184808
1.25 0.000000134578
1.255 -0.000000093162
1.26 0.000000809225
1.265 -0.000000697658
1.27 0.000000600479
1.275 0.000000516347
1.28 -0.000000444163
1.285 -0.000000381575
1.29 0.000000376602
1.295 0.000000396999
1.30 0.000000419461
1.31 -0.000000467843
1.32 -0.000000513352
1.33 -0.000000521880
1.34 0.000001570853
1.35 0.000001584107
1.36 0.000001597870
1.37 0.000001622119
1.38 0.000001626097
1.39 -0.000001631535
1.40 -0.000001639783
1.41 -0.000001652008
1.42 -0.000001666118
1.43 0.000001687769
1.44 0.000001714068
1.45 -0.000001744996
1.46 0.000001778667
1.47 0.000001683345
1.48 -0.000001728476
1.49 -0.000001819977
1.50 -0.000001935775
1.51 -0.000001510041
1.52 -0.000001412479
1.53 -0.000001431263
1.54 -0.000001455601
1.55 -0.000001354816
1.56 -0.000001342755
1.57 -0.000001326735
1.58 0.000000255195
1.59 0.000000262232
1.60 0.000000272280
1.61 0.000000277354
1.62 0.000000298991
1.63 0.000000312891
1.64 0.000000322716
1.65 0.000000333672
1.66 0.000000350526
1.67 0.000000366426
1.68 0.000000390481
1.69 0.000000407054
1.70 0.000000419333
1.71 0.000000421926
1.72 0.000000404944
1.73 0.000000364618
1.74 0.000000299883
1.75 0.000000218293
1.76 0.000000116659
1.77 -0.000000374406
1.80 -0.000000711935
1.81 -0.000000828478
1.82 -0.000000943584
1.83 -0.000001055693
1.84 -0.000001164463
1.85 -0.000001270124
1.86 -0.000001370146
1.87 -0.000001470872
1.88 -0.000003479902
1.89 -0.000003306682
1.90 -0.000003325155
1.91 -0.000003330533
1.92 -0.000003319425
1.93 -0.000003286821
1.94 -0.000003274750
1.95 -0.000003218237
1.957 -0.000003181732
1.96 -0.000003169371
1.97 -0.000003287575
1.98 -0.000003163010
1.99 -0.000002467700
2.00 -0.000002571632
2.01 -0.000002680890
2.02 -0.000002797972
2.03 -0.000002941394
2.04 -0.000003075410
2.05 -0.000003204946
2.06 -0.000002971584
2.07 -0.000002776610
2.08 -0.000002829627
2.09 -0.000002219556
2.10 -0.000002227516
2.11 -0.000002429678
2.112 -0.000002433123
2.12 -0.000002444023
2.13 -0.000002449332
2.14 -0.000002449753
2.15 -0.000001584390
2.16 -0.000001568718
2.17 -0.000001552699
2.18 -0.000001533164
2.19 -0.000001516421
2.20 -0.000001934964
2.21 -0.000001927185
2.22 -0.000001919750
2.23 -0.000001952204
2.24 -0.000001957365
2.25 -0.000001967931
2.26 -0.000001990271
2.27 -0.000002031111
2.28 -0.000002106353
2.29 -0.000001529938
2.30 -0.000001694077
2.32 -0.000002499666
2.34 -0.000004493988
2.36 -0.000008403566
2.38 -0.000014487656
2.4 -0.000017008928
2.42 0.000001369144
2.44 0.000013471972
2.46 0.000042558749
2.48 0.000042183312
2.5 0.000040507283
2.52 0.000038665874
2.54 0.000036875569
2.56 0.000035017314
2.58 0.000033141714
2.6 0.000031257179
2.62 0.000029159394
2.64 0.000043249830
2.66 0.000040259499
2.68 0.000006434331
2.7 0.000006016230
2.72 0.000005567760
2.74 0.000005232278
2.76 0.000004922685
2.78 0.000004693636
2.8 0.000004415765
2.82 0.000004179631
2.84 0.000005618826
2.86 0.000004449689
2.88 0.000003373947
2.90 0.000002375293
2.92 0.000001512402
2.94 0.000000667004
2.96 -0.000000159644
2.98 -0.000000945413
3.00 -0.000001556759
3.02 -0.000002074800
3.04 -0.000002474556
3.06 -0.000002843918
3.08 -0.000003129319
3.10 -0.000003397593
3.12 -0.000003584498
3.14 -0.000003719333
3.16 -0.000003799525
3.18 -0.000003843663
3.20 -0.000003863555
3.22 -0.000003860424
3.24 -0.000003837172
3.26 -0.000003800247
3.28 -0.000003740594
3.30 -0.000003674595
3.35 -0.000003483608
3.4 -0.000003220168
3.45 -0.000002931323
3.5 -0.000002601716
