1.12 -0.759896973862
1.125 -0.583616105172
1.13 -0.500855516134
1.135 -0.458187417261
1.14 -0.435272306582
1.145 -0.422333798727
1.15 -0.417034995179
1.155 -0.415435846519
1.16 -0.417719910747
1.165 -0.422160171687
1.17 -0.428170872751
1.175 -0.435978003411
1.18 -0.445591454617
1.185 -0.456419192459
1.19 -0.468661038910
1.195 -0.482203671462
1.20 -0.497085973823
1.205 -0.513549336879
1.21 -0.531767545634
1.215 -0.551839752066
1.22 -0.574238821453
1.225 -0.599158125576
1.23 0.561510457890
1.235 -0.561967397198
1.24 -0.559685003685
1.245 -0.560738197180
1.25 0.561743297843
1.255 0.562730040248
1.26 -0.563715655721
1.265 0.564716854369
1.27 -0.565735695973
1.275 -0.566772044742
1.28 -0.567823373871
1.285 0.568884952971
1.29 0.569951602247
1.295 -0.571018055667
1.30 -0.572079322108
1.31 -0.574167212318
1.32 -0.576180448934
1.33 0.578089983005
1.34 -0.579871153044
1.35 -0.581501260197
1.36 0.582981242508
1.37 -0.584297664416
1.38 -0.585447243160
1.39 0.586427103485
1.40 0.587242294741
1.41 -0.587893421360
1.42 0.588383886664
1.43 -0.588717533624
1.44 0.588898705073
1.45 -0.588931998479
1.46 -0.588822138781
1.47 0.588573909025
1.48 -0.588192109478
1.49 0.587681491612
1.50 0.587046859616
1.51 -0.586292790472
1.52 -0.585423716541
1.53 -0.399862916057
1.54 -0.403950193237
1.55 -0.407805806712
1.56 -0.411445553629
1.57 -0.414883704653
1.58 -0.418173267751
1.59 -0.421245374356
1.60 -0.424151160029
1.61 -0.426900423701
1.62 -0.429502440931
1.63 -0.431965711272
1.64 -0.434298166255
1.65 -0.436471233886
1.66 -0.438566601442
1.67 -0.440553317271
1.68 -0.442438363395
1.69 -0.444228750513
1.70 -0.445931493123
1.71 -0.447553818099
1.72 -0.449103249669
1.73 -0.450587658655
1.74 -0.452015466027
1.75 -0.453395484814
1.76 -0.454736784347
1.77 -0.456047713138
1.80 -0.459781283396
1.81 -0.460833146565
1.82 -0.461522641837
1.83 -0.461581145366
1.84 -0.460953125543
1.85 -0.459823373358
1.86 -0.458385104733
1.87 -0.456755464178
1.88 -0.454996128891
1.89 -0.453138851481
1.90 -0.451202089209
1.91 -0.449195125686
1.92 -0.447123702103
1.93 -0.444991353387
1.94 -0.442800457028
1.95 -0.440552829291
1.957 -0.438946488760
1.96 -0.438249868146
1.97 -0.435892851662
1.98 -0.433483016178
1.99 -0.431021543850
2.00 -0.428509641963
2.01 -0.425948614248
2.02 -0.423339837703
2.03 -0.420684658047
2.04 -0.418003727446
2.05 -0.415259743843
2.06 -0.412473736330
2.07 -0.409647363149
2.08 -0.406782870733
2.09 -0.403880182073
2.10 -0.400941595650
2.11 -0.397968610762
2.112 -0.397369994891
2.12 -0.394962722125
2.13 -0.391925346599
2.14 -0.388847820170
2.15 -0.385751431083
2.16 -0.382627561118
2.17 -0.379477627771
2.18 -0.376302564157
2.19 -0.373103734474
2.20 -0.369861976823
2.21 -0.366619222316
2.22 -0.363356256463
2.23 -0.360074128430
2.24 -0.356774133892
2.25 -0.353457589985
2.26 -0.350125689372
2.27 -0.346779840527
2.28 -0.343421443657
2.29 -0.340051952128
2.30 -0.336672881604
2.32 -0.329892257565
2.34 -0.323092291804
2.36 -0.316286226580
2.38 -0.309487295247
2.4 -0.302708420965
2.42 -0.295961797106
2.44 -0.289258452057
2.46 -0.282607996026
2.48 -0.277222439144
2.5 -0.270466954656
2.52 -0.263801918008
2.54 -0.257221070901
2.56 -0.250722582037
2.58 -0.244292558950
2.6 -0.237905509974
2.62 -0.231535842707
2.64 -0.225168568020
2.66 -0.218805446060
2.68 -0.212459201945
2.7 -0.206144630108
2.72 -0.199871930537
2.74 -0.193645469508
2.76 -0.187464501457
2.78 -0.181325006991
2.8 -0.175221275394
2.82 -0.169147908769
2.84 -0.163099634251
2.86 -0.157073858579
2.88 -0.151070339012
2.90 0.164516832098
2.92 0.158857295505
2.94 0.153299148827
2.96 -0.147846793055
2.98 -0.142504937300
3.00 0.137279826790
3.02 0.132175352352
3.04 0.127216932602
3.06 0.122382248619
3.08 -0.117691461361
3.10 -0.113150266200
3.12 0.108763447947
3.14 -0.104534852653
3.16 0.100467120773
3.18 -0.096561933840
3.20 -0.092819909348
3.22 0.089253130646
3.24 0.085835792961
3.26 -0.082578168503
3.28 0.079477618687
3.30 0.076530922726
3.35 0.069812798183
3.4 0.063963871440
3.45 0.058911756880
3.5 -0.054578009792
