1.12 -1.184639413558
1.125 -1.180886386427
1.13 -1.176405777823
1.135 -1.171132567926
1.14 -1.164856284686
1.145 -1.157375341383
1.15 -1.148449718155
1.155 -1.137818676436
1.16 -1.125210817558
1.165 -1.110359732414
1.17 -1.093070360362
1.175 -1.073010518041
1.18 -1.050246240275
1.185 -1.024959386782
1.19 -0.997267180661
1.195 -0.967540911093
1.20 -0.936576797014
1.205 -0.904974775627
1.21 -0.873313745211
1.215 -0.842248314517
1.22 -0.812224648611
1.225 -0.783542712931
1.23 -0.741246470040
1.235 -0.710959327685
1.24 -0.787283968538
1.245 -0.750416014185
1.25 -0.711528350943
1.255 -0.674652070872
1.26 -0.642286246868
1.265 -0.616074839435
1.27 -0.596265542603
1.275 -0.582438477769
1.28 -0.573792552104
1.285 -0.569423469907
1.29 -0.568466285852
1.295 -0.570154216108
1.30 -0.573832299961
1.31 -0.585072057310
1.32 -0.598908192130
1.33 -0.613371292823
1.34 -0.626970701591
1.35 -0.639156092907
1.36 -0.649667515903
1.37 -0.658489784923
1.38 -0.665920883957
1.39 -0.671801319103
1.40 -0.676436118911
1.41 -0.680047939529
1.42 -0.682806041301
1.43 -0.684857474370
1.44 -0.686326123737
1.45 -0.687314529690
1.46 -0.687905785726
1.47 -0.688166534778
1.48 -0.688149185444
1.49 -0.687894144757
1.50 -0.687431888221
1.51 -0.686783904717
1.52 -0.685964642933
1.53 0.862468314651
1.54 -0.863330949080
1.55 0.864084077447
1.56 0.864729759006
1.57 -0.865265639606
1.58 -0.866166520040
1.59 -0.866451738051
1.60 -0.866598956971
1.61 -0.866591610760
1.62 -0.866409255495
1.63 -0.866027820349
1.64 -0.865418790536
1.65 -0.864551759291
1.66 -0.863381217424
1.67 0.861863884445
1.68 0.859944780704
1.69 0.857558236342
1.70 -0.854624833677
1.71 0.851047529196
1.72 0.846705905839
1.73 0.841448109563
1.74 -0.835078901503
1.75 0.827341873902
1.76 0.817891801672
1.77 -0.806252602636
1.80 -0.749794312983
1.81 0.719634455966
1.82 0.682439291361
1.83 0.641687725590
1.84 -0.603406505017
1.85 -0.570689238581
1.86 0.543361989297
1.87 0.520296160396
1.88 -0.500437745801
1.89 0.482983054043
1.90 -0.467346222267
1.91 -0.453095157767
1.92 0.439908794614
1.93 -0.427544208220
1.94 -0.415814333908
1.95 -0.404574230164
1.957 -0.396935862524
1.96 0.393710554001
1.97 -0.383133960444
1.98 0.372774305701
1.99 0.362576727053
2.00 -0.352498850462
2.01 -0.342508461063
2.02 0.332581768097
2.03 0.322702018757
2.04 0.312862576207
2.05 0.303048587795
2.06 0.293262782679
2.07 -0.283503691635
2.08 -0.273776264942
2.09 -0.264082938165
2.10 0.254430770349
2.11 0.244824553863
2.112 0.242909403190
2.12 0.235270952684
2.13 -0.225776011580
2.14 0.216303334490
2.15 0.206939651611
2.16 0.197649682994
2.17 0.188437358532
2.18 -0.179307163162
2.19 0.170262518578
2.20 0.161315022816
2.21 0.152451709816
2.22 0.143686291199
2.23 0.135023604778
2.24 0.126469134204
2.25 0.118029159889
2.26 -0.109709186616
2.27 -0.101516111595
2.28 0.093456473428
2.29 -0.085536706543
2.30 -0.077762809859
2.32 0.062673828520
2.34 0.048224622612
2.36 0.034435524057
2.38 -0.021311715896
2.4 -0.008844454336
2.42 0.002986060907
2.44 0.014206454725
2.46 0.024846033768
2.48 -0.028694326495
2.5 0.038854465493
2.52 0.048488959051
2.54 0.057500855271
2.56 -0.065932417257
2.58 -0.073819240885
2.6 -0.081192333035
2.62 -0.088079152649
2.64 -0.094503392950
2.66 -0.100486181884
2.68 0.106045556756
2.7 0.111196514522
2.72 -0.115952467110
2.74 0.120326376617
2.76 -0.124331669559
2.78 -0.127981914605
2.8 -0.131290514464
2.82 -0.134270539361
2.84 -0.136934339674
2.86 0.139293466698
2.88 -0.141358805361
2.90 0.152304502624
2.92 0.154631630638
2.94 0.156667465745
2.96 0.158397429422
2.98 -0.159760146032
3.00 -0.160862086774
3.02 -0.161667204751
3.04 -0.162120308739
3.06 -0.162322674181
3.08 -0.162252285417
3.10 -0.161926168302
3.12 -0.161362356412
3.14 -0.160579098052
3.16 -0.159594530849
3.18 -0.158426516549
3.20 -0.157092137139
3.22 -0.155636643190
3.24 -0.154016305079
3.26 -0.152275464270
3.28 -0.150427426818
3.30 -0.148484614096
3.35 -0.143222167853
3.4 -0.137660166027
3.45 -0.131860676937
3.5 -0.125929129777
