1.12 0.294174708313
1.125 0.320074212977
1.13 0.339857714607
1.135 0.355080237255
1.14 0.367614038035
1.145 0.377629463327
1.15 0.385968011051
1.155 0.393408797194
1.16 0.399884182243
1.165 0.405760114679
1.17 0.411506256164
1.175 0.416463048747
1.18 0.421138219711
1.185 0.425581155284
1.19 0.429830028784
1.195 0.433911976348
1.20 0.437848349834
1.205 0.441656279451
1.21 0.445418407927
1.215 0.449003525519
1.22 0.452499402805
1.225 0.455917867579
1.23 0.459274191821
1.235 0.462591105682
1.24 0.465905050336
1.245 0.469258795737
1.25 0.472576298992
1.255 0.475658925029
1.26 0.478908268790
1.265 0.481663098532
1.27 0.484341426535
1.275 0.486948359945
1.28 0.489485129337
1.285 0.491951665069
1.29 0.494347147536
1.295 0.496670064362
1.30 0.498918293018
1.31 -0.494530599549
1.32 -0.386356676488
1.33 -0.279432243253
1.34 -0.182282326899
1.35 0.099082723203
1.36 -0.030078754886
1.37 -0.026501367091
1.38 0.072955010483
1.39 -0.111400419083
1.40 -0.143608740344
1.41 -0.170759625892
1.42 -0.194075216190
1.43 0.214241987788
1.44 -0.231848558146
1.45 -0.247345854199
1.46 0.261082204142
1.47 0.273328740214
1.48 0.284297928512
1.49 -0.294157213462
1.50 0.303039762667
1.51 0.311054136053
1.52 0.318294785334
1.53 -0.324854201224
1.54 0.330831789382
1.55 0.336328812421
1.56 0.341428510839
1.57 0.346182121523
1.58 0.350614737073
1.59 0.354739619417
1.60 -0.358567732919
1.61 -0.362110960682
1.62 0.365382226557
1.63 -0.368394750762
1.64 0.371161572773
1.65 -0.373695004258
1.66 -0.376007107312
1.67 0.378109968893
1.68 -0.380017503128
1.69 0.381748679170
1.70 -0.383334186457
1.71 -0.384828942941
1.72 0.386329323831
1.73 -0.387977351811
1.74 -0.389900423146
1.75 -0.392076237849
1.76 0.394300304929
1.77 0.396347715872
1.80 0.400581108303
1.81 -0.401326531068
1.82 -0.401743128224
1.83 -0.401821910286
1.84 0.401548260334
1.85 0.400928025076
1.86 0.400060824268
1.87 0.399178791725
1.88 0.398446973351
1.89 -0.397837170276
1.90 -0.397262127762
1.91 -0.396658721605
1.92 -0.395992128672
1.93 -0.395245913507
1.94 -0.394413713151
1.95 0.393494910569
1.957 0.392800820347
1.96 0.392490906756
1.97 0.391405284763
1.98 -0.390222134198
1.99 0.388982881682
2.00 -0.387669296127
2.01 -0.386288937883
2.02 -0.384842049467
2.03 0.383330762760
2.04 0.381757232611
2.05 -0.380123107814
2.06 -0.378429961496
2.07 0.376676880554
2.08 -0.374869791372
2.09 0.373007543310
2.10 -0.371091254573
2.11 -0.369121960801
2.112 -0.368721826956
2.12 0.367100629467
2.13 -0.365028255684
2.14 0.362905654068
2.15 -0.360733767424
2.16 -0.358513488085
2.17 0.356245738912
2.18 -0.353931410420
2.19 0.351571420299
2.20 -0.349166796670
2.21 0.346718522330
2.22 0.344227630150
2.23 0.341695243181
2.24 0.339122467716
2.25 0.336510470017
2.26 -0.333860455955
2.27 -0.331173791318
2.28 0.328451550969
2.29 -0.325695202236
2.30 -0.322905984093
2.32 0.317234794335
2.34 -0.311449003522
2.36 0.305559741614
2.38 0.299578031745
2.4 -0.293514420885
2.42 -0.287378296017
2.44 -0.281178403949
2.46 0.274921913454
2.48 0.268613888037
2.5 0.267050908831
2.52 -0.260107430126
2.54 -0.253081178699
2.56 -0.245995590331
2.58 0.238900491634
2.6 0.231919493973
2.62 -0.225124038626
2.64 0.218549842804
2.66 -0.212186787223
2.68 -0.206008204493
2.7 -0.199992338146
2.72 0.194128498274
2.74 0.188415162666
2.76 -0.182856257385
2.78 0.177458639067
2.8 -0.172230338174
2.82 -0.167179630391
2.84 0.162313334665
2.86 -0.157635730441
2.88 0.153146277964
2.90 -0.148837351447
2.92 -0.144717210046
2.94 0.140705787485
2.96 -0.136769102347
2.98 0.132924627551
3.00 0.129107336350
3.02 -0.125310486222
3.04 -0.121478149840
3.06 0.117630858977
3.08 -0.113779156048
3.10 -0.109941956815
3.12 -0.106143089158
3.14 0.102407701956
3.16 0.098761616389
3.18 -0.095225227451
3.20 0.091818862177
3.22 -0.088561164434
3.24 -0.085456766960
3.26 0.082517280951
3.28 -0.079747065292
3.30 -0.077147424349
3.35 -0.071404892710
3.4 -0.066612970407
3.45 -0.062721391158
3.5 -0.059589468351
