1.12 -1.017248228715
1.125 -1.015788993472
1.13 -1.014080452618
1.135 -1.012129576285
1.14 -1.009939739517
1.145 -1.007515871742
1.15 -1.004854946423
1.155 -1.001951789359
1.16 -0.998803666359
1.165 -0.995400236259
1.17 -0.991730896608
1.175 -0.987781535294
1.18 -0.983536640681
1.185 -0.978977477661
1.19 -0.974082306155
1.195 -0.968826023553
1.20 -0.963179777650
1.205 -0.957110678253
1.21 -0.950581320327
1.215 -0.943550262475
1.22 -0.935971724073
1.225 -0.927797459766
1.23 -0.918979881589
1.235 -0.909477269622
1.24 -0.899251410739
1.245 -0.888161442461
1.25 -0.875420581030
1.255 -0.860120154985
1.26 -0.842537778879
1.265 -0.822728385167
1.27 -0.800428671006
1.275 -0.775270252137
1.28 -0.746852930237
1.285 -0.714786770848
1.29 -0.678743757227
1.295 -0.638526837690
1.30 -0.594153224737
1.31 0.503181530737
1.32 0.507128114412
1.33 0.510781647067
1.34 0.514172534546
1.35 0.517340645841
1.36 0.520314668253
1.37 0.523109017069
1.38 0.525728154619
1.39 0.528171713408
1.40 0.530518421602
1.41 0.532600165835
1.42 0.534505054308
1.43 0.536235481265
1.44 0.537795105501
1.45 0.539188780659
1.46 0.540422301875
1.47 0.541502096478
1.48 0.542434512217
1.49 0.543224600970
1.50 0.543873573176
1.51 0.544374369493
1.52 0.544706295169
1.53 0.544833657618
1.54 0.544718443560
1.55 0.544348837555
1.56 0.543757121566
1.57 0.543002029348
1.58 0.542137180133
1.59 0.541196578483
1.60 0.540197316565
1.61 0.539147046880
1.62 0.538049860416
1.63 0.536909607083
1.64 0.535731944153
1.65 0.534525207220
1.66 0.533301675724
1.67 0.532078655025
1.68 0.530879852939
1.69 0.529736340900
1.70 0.528684984217
1.71 0.527758012483
1.72 0.526951397211
1.73 0.526161924433
1.74 0.525142649752
1.75 0.523614791733
1.76 0.521496547320
1.77 0.518923645645
1.80 0.509864782783
1.81 0.506535244050
1.82 0.503014316715
1.83 0.499253454003
1.84 0.495209067159
1.85 0.490897621968
1.86 0.486525060887
1.87 0.482509752971
1.88 0.479079662696
1.89 0.476104949987
1.90 0.473384196452
1.91 0.470781548139
1.92 0.468219865074
1.93 0.465656827910
1.94 0.463068980772
1.95 0.460435365917
1.957 0.458570856857
1.96 0.457764627674
1.97 0.455044843589
1.98 0.452254881106
1.99 0.449430396803
2.00 0.446552994543
2.01 0.443622614793
2.02 0.440639433543
2.03 0.437603787382
2.04 0.434516227432
2.05 0.431377326100
2.06 0.428187830561
2.07 0.424948341035
2.08 0.421660218425
2.09 0.418324333823
2.10 0.414941817866
2.11 0.411513907916
2.112 0.410823002156
2.12 0.408041938060
2.13 0.404527336606
2.14 0.400971538606
2.15 0.397376126383
2.16 0.393742691782
2.17 0.390072936903
2.18 0.386368537873
2.19 0.382631220608
2.20 0.378862693036
2.21 0.375064720098
2.22 0.371239047710
2.23 0.367387378987
2.24 0.363511428087
2.25 0.359612863683
2.26 0.355693335844
2.27 0.351754483329
2.28 0.347797829066
2.29 0.343825006045
2.30 0.339837259183
2.32 0.331823369547
2.34 0.323766702732
2.36 0.315677040001
2.38 0.307562885198
2.4 0.299431299370
2.42 0.291287825474
2.44 0.283135865244
2.46 0.274976295321
2.48 0.266807640534
2.5 0.263234402203
2.52 0.254652562302
2.54 0.246031180703
2.56 0.237421142658
2.58 0.228906006679
2.6 0.220627447896
2.62 0.212630822611
2.64 0.204898366263
2.66 0.197366350123
2.68 0.189971632859
2.7 0.182673833791
2.72 0.175455443705
2.74 0.168314125371
2.76 0.161255678622
2.78 0.154290300712
2.8 0.147430683638
2.82 0.140691672163
2.84 0.134089591533
2.86 0.127642840074
2.88 0.121371159904
2.90 0.115295164189
2.92 0.109443583263
2.94 0.103817701062
2.96 0.098430153598
2.98 0.093309366382
3.00 0.088444335196
3.02 0.083835591016
3.04 0.079451259292
3.06 0.075283791369
3.08 0.071336370903
3.10 0.067552662405
3.12 0.063941018574
3.14 0.060491666634
3.16 0.057197710476
3.18 0.054054373738
3.20 0.051058472876
3.22 0.048215216651
3.24 0.045507723072
3.26 0.042941702916
3.28 0.040515277710
3.30 0.038226078773
3.35 0.033082625310
3.4 0.028732880795
3.45 0.025079189656
3.5 0.022040170270
