1.12 0.595691653173
1.125 0.558128765167
1.13 0.524815276038
1.135 0.495366046046
1.14 0.469367582995
1.145 0.446412906049
1.15 0.426123229318
1.155 0.408189187619
1.16 0.392233819394
1.165 0.378024911907
1.17 0.365325538893
1.175 0.353927448648
1.18 0.343646227002
1.185 0.334317721825
1.19 0.325793053121
1.195 0.317934799784
1.20 0.310612349425
1.205 0.303696619146
1.21 0.297053270090
1.215 0.290532749092
1.22 0.283954886173
1.225 0.277081555033
1.23 0.269565180736
1.235 0.260845285244
1.24 0.249950176198
1.245 0.235441801410
1.25 0.218305381870
1.255 0.204466528129
1.26 0.194081673237
1.265 0.184967185521
1.27 0.175997955815
1.275 0.166611742159
1.28 0.156471237128
1.285 0.145346244866
1.29 0.133079515033
1.295 0.119587908290
1.30 0.104877566222
1.31 -0.168895170450
1.32 -0.175257863520
1.33 -0.181820894110
1.34 -0.188582190220
1.35 -0.195553239762
1.36 -0.202761509027
1.37 -0.210251090104
1.38 -0.218083004577
1.39 -0.226336053121
1.40 -0.235101213834
1.41 -0.244520523462
1.42 -0.254736415093
1.43 -0.265941927516
1.44 -0.278380985980
1.45 -0.292363801407
1.46 -0.308285771158
1.47 -0.326647996296
1.48 -0.348073291111
1.49 -0.373299277361
1.50 -0.403106464557
1.51 -0.438100123999
1.52 -0.478242669007
1.53 -0.522158731839
1.54 -0.566687689426
1.55 -0.607579821834
1.56 0.641386737016
1.57 0.666915947499
1.58 0.685005687328
1.59 0.697369201050
1.60 0.705689039963
1.61 0.711266498738
1.62 0.714999299151
1.63 0.717469366604
1.64 0.719032692709
1.65 0.719882638437
1.66 0.720084589339
1.67 0.719573370030
1.68 0.718119277052
1.69 0.715231869448
1.70 0.709973812545
1.71 0.700657812556
1.72 0.684544991745
1.73 0.658207203911
1.74 -0.619842684167
1.75 -0.572747228119
1.76 -0.524540855623
1.77 -0.481607962817
1.80 -0.395369642928
1.81 -0.377020466261
1.82 -0.361725551775
1.83 0.348541193208
1.84 0.336733778113
1.85 0.325811384625
1.86 0.315732915543
1.87 0.307011393950
1.88 0.299976586576
1.89 0.294313881317
1.90 0.289547309844
1.91 0.285327719639
1.92 0.281435326171
1.93 0.277733920530
1.94 0.274137871186
1.95 0.270598843068
1.957 0.268127170041
1.96 0.267068010156
1.97 0.263529558609
1.98 0.259974215306
1.99 0.256380275255
2.00 0.252747975722
2.01 0.249073922440
2.02 0.245356694247
2.03 0.241596047819
2.04 0.237792626807
2.05 0.233947680577
2.06 0.230062953164
2.07 0.226136159165
2.08 0.222178058251
2.09 0.218187019540
2.10 0.214165319313
2.11 0.210115405280
2.112 0.209302265642
2.12 0.206039673876
2.13 0.201940555070
2.14 0.197819753377
2.15 0.193679350239
2.16 0.189520950330
2.17 0.185346035236
2.18 0.181155589786
2.19 0.176950501400
2.20 0.172731079432
2.21 0.168497439012
2.22 0.164249461050
2.23 0.159986307182
2.24 0.155707005481
2.25 0.151410093507
2.26 0.147093785887
2.27 0.142755764056
2.28 0.138393298777
2.29 0.134003574168
2.30 0.129581830130
2.32 0.120627916805
2.34 0.111489277070
2.36 0.102112926841
2.38 0.092432038742
2.4 0.082362607549
2.42 0.071775675244
2.44 0.060589046388
2.46 0.048631268122
2.48 0.035735723588
2.5 0.020663430741
2.52 0.002692478604
2.54 -0.016338976141
2.56 -0.035525487284
2.58 -0.053460237059
2.6 -0.068837340965
2.62 -0.081067476896
2.64 -0.090371204811
2.66 -0.097383330987
2.68 -0.102773468330
2.7 -0.107071749370
2.72 -0.110637280370
2.74 -0.113688465860
2.76 -0.116347586576
2.78 -0.118678619503
2.8 -0.120713831831
2.82 -0.122472578059
2.84 -0.123973024816
2.86 -0.125238980538
2.88 -0.126301356598
2.90 -0.127196801933
2.92 -0.127975763978
2.94 -0.128648829501
2.96 -0.129253534090
2.98 -0.129821139656
3.00 -0.130354036972
3.02 -0.130854058963
3.04 -0.131310070345
3.06 -0.131710017930
3.08 -0.131993007337
3.10 -0.132224345040
3.12 -0.132341363126
3.14 -0.132327330257
3.16 -0.132167034135
3.18 -0.131857735860
3.20 -0.131394572921
3.22 -0.130775911017
3.24 0.130010888553
3.26 0.129104041600
3.28 0.128063984109
3.30 0.126900509830
3.35 0.123532798062
3.4 0.119578083876
3.45 0.115267891268
3.5 0.110710609499
