1.12 -0.186530560612
1.125 -0.173891365593
1.13 -0.163286072952
1.135 -0.154399914014
1.14 -0.146883701976
1.145 -0.140721629210
1.15 -0.135708502344
1.155 -0.131543803115
1.16 -0.128301734645
1.165 -0.125779323226
1.17 -0.123838513812
1.175 -0.122527940580
1.18 -0.121711411562
1.185 -0.121334093802
1.19 -0.121347360073
1.195 -0.121708889345
1.20 -0.122380736057
1.205 -0.123328541138
1.21 -0.124513297101
1.215 -0.125921860763
1.22 -0.127514684700
1.225 -0.129259771572
1.23 -0.131117640840
1.235 -0.133030241816
1.24 -0.134894341241
1.245 -0.136516971472
1.25 -0.137810940113
1.255 -0.139321825031
1.26 -0.141233480704
1.265 -0.143486252564
1.27 -0.145931065444
1.275 -0.148513456119
1.28 -0.151202982303
1.285 -0.153981192216
1.29 -0.156836213353
1.295 -0.159759998590
1.30 -0.162746975211
1.31 0.072371763295
1.32 0.037769657209
1.33 0.004238714400
1.34 -0.025600907262
1.35 0.050557467387
1.36 -0.070643765907
1.37 0.086445885291
1.38 -0.098662304118
1.39 0.107895971116
1.40 0.114627354332
1.41 0.119043403358
1.42 0.121420362013
1.43 -0.121742037430
1.44 0.119915667094
1.45 0.115717617238
1.46 -0.108772534463
1.47 -0.098519141698
1.48 -0.084164272294
1.49 0.064637862760
1.50 -0.038587236285
1.51 -0.004507155469
1.52 0.038814796452
1.53 -0.091369774277
1.54 0.150782672779
1.55 0.212096531399
1.56 -0.269499187935
1.57 -0.318826083132
1.58 -0.358594265481
1.59 -0.389300260346
1.60 0.412270124384
1.61 0.428899066211
1.62 -0.440328654756
1.63 0.447370314580
1.64 -0.450513742436
1.65 0.449953842213
1.66 0.445591725784
1.67 -0.437003643710
1.68 0.423362710281
1.69 -0.403303044816
1.70 0.374743016602
1.71 0.334787530761
1.72 -0.280155122138
1.73 0.209107978657
1.74 -0.125252809869
1.75 -0.039236283052
1.76 -0.037148809601
1.77 -0.098349431164
1.80 -0.207527901975
1.81 0.228865044036
1.82 0.246191506447
1.83 -0.260796953445
1.84 0.273620301148
1.85 0.285234152366
1.86 0.295566458695
1.87 0.303802652897
1.88 0.309458910438
1.89 -0.312976213324
1.90 -0.315007682157
1.91 -0.316025085579
1.92 -0.316323476617
1.93 -0.316087427017
1.94 -0.315436702635
1.95 0.314452006803
1.957 0.313595192198
1.96 0.313190368002
1.97 0.311693533539
1.98 -0.310003189788
1.99 0.308122034598
2.00 -0.306085447863
2.01 -0.303899063771
2.02 -0.301581700055
2.03 0.299144804098
2.04 0.296598759615
2.05 -0.293952439169
2.06 -0.291213878857
2.07 0.288372041648
2.08 -0.285470788208
2.09 0.282497229588
2.10 -0.279457030783
2.11 -0.276355421266
2.112 -0.275728156829
2.12 0.273197212681
2.13 -0.269987041812
2.14 0.266728820068
2.15 -0.263426539089
2.16 -0.260083812103
2.17 0.256704020994
2.18 -0.253290258753
2.19 0.249845442061
2.20 -0.246372282545
2.21 0.242873250367
2.22 0.239350675638
2.23 0.235806577911
2.24 0.232242870887
2.25 0.228661186575
2.26 -0.225063109965
2.27 -0.221449900781
2.28 0.217822573807
2.29 -0.214182255712
2.30 -0.210529092849
2.32 0.203187192388
2.34 -0.195796929602
2.36 0.188353878146
2.38 0.180848461470
2.4 -0.173264285259
2.42 -0.165609876539
2.44 -0.157793708008
2.46 0.149792371715
2.48 0.141540862791
2.5 0.134216228338
2.52 -0.122249424557
2.54 -0.109514557697
2.56 -0.096263037076
2.58 0.083152760755
2.6 0.071107595552
2.62 -0.060893491839
2.64 0.052795848719
2.66 -0.046679348330
2.68 -0.042215129796
2.7 -0.039050234429
2.72 0.036888550530
2.74 0.035514283419
2.76 -0.034787411230
2.78 0.034629846363
2.8 -0.035011042046
2.82 -0.035933715324
2.84 0.037419807789
2.86 -0.039498370260
2.88 0.042191795246
2.90 -0.045503562198
2.92 -0.049371407584
2.94 0.053808761113
2.96 -0.058683924665
2.98 0.063826424084
3.00 0.069099202016
3.02 -0.074293939824
3.04 -0.079363409514
3.06 0.084134495197
3.08 -0.088516379163
3.10 -0.092449288693
3.12 -0.095899936630
3.14 0.098857765862
3.16 0.101318589112
3.18 -0.103320221913
3.20 0.104880347751
3.22 -0.106031272662
3.24 0.106804349682
3.26 -0.107235147482
3.28 0.107357101842
3.30 0.107202036251
3.35 0.105808917361
3.4 0.103203941902
3.45 0.099804773611
3.5 0.095820557689
