-1.580418204904
-1.594794210837
-1.602029695283
-1.578176015275
-1.335284427615
-0.774380212348
0.500841237671
0.381617004777
-0.316956232803
0.275711399006
-0.247766150897
0.227258644859
0.211546940777
0.199137731060
0.189116480133
-0.180530412012
-0.173733288102
-0.239542637541
0.223253699900
-0.210342873999
-0.199910195820
0.191027548388
0.183482553840
0.177582894869
0.171668575447
0.166241183910
-0.162956909832
0.161302255099
-0.160350541329
0.159861638450
-0.159746819290
-0.159956967310
0.160369251328
-0.161151146870
-0.162188040776
0.163469204643
0.164985850628
-0.168735709320
0.173462386964
0.179229747909
0.186145301003
0.194366360928
-0.204111846550
0.215681731027
0.229487447198
0.246100454439
0.266330550514
-0.291357048745
-0.322955286239
-0.363933561426
0.418976811322
0.496504823604
0.613223135871
-0.807136986257
-1.183059434854
2.087274724473
-2.972385456210
-1.581219288998
0.942366402835
0.655179215529
-0.496848606346
-0.000001151172
0.000000736606
-0.000000744128
-0.000000749442
0.000000754590
0.000000759910
0.000000765505
0.000000774988
-0.000000781000
0.000000784864
-0.000000789950
-0.000000793932
-0.000000796336
0.000000797334
-0.000000794674
-0.000000789149
-0.000000772648
-0.000000758009
-0.000000745659
0.000000714296
-0.000000670409
-0.000000615652
-0.000000546738
-0.000000240943
-0.000000109610
0.000000137202
0.000000218850
-0.000000257435
0.000000258667
0.000002277597
0.000002071074
0.000001849010
0.000001614429
-0.000001142160
0.000001231780
0.000001317515
-0.000001401970
0.000001483116
-0.000001536758
-0.000001554713
-0.000001625830
0.000001689341
0.000001752280
-0.000001021550
-0.000001197697
-0.000001364451
-0.000001526160
-0.000001759119
0.000001817869
0.000001969504
-0.000002104535
-0.000002223424
-0.000002329894
-0.000002424138
-0.000002507354
0.000002522473
0.000002578989
0.000002640798
0.000002694291
-0.000002745686
-0.000002783648
-0.000002814487
-0.000002838032
0.000001746746
-0.000001770992
-0.000001735711
0.000001728148
0.000001723054
-0.000001717870
0.000001719841
0.000001725730
0.000001744197
0.000001776248
0.000001820864
-0.000001883258
0.000002073105
0.000002372443
-0.000002800785
0.000003372139
-0.000004085568
-0.000004917100
-0.000005777640
0.000006319889
-0.000004792326
0.000005596089
0.000014737787
0.000013535866
0.000011188162
0.000010567246
-0.000010485834
-0.000011946974
-0.000012188444
0.000012441060
-0.000012657988
-0.000012857060
0.000012996701
0.000013084462
0.000013107519
0.000013025467
-0.000012834199
-0.000012531995
0.000012132821
-0.000011639935
0.000011050627
0.000002752971
-0.000002962575
-0.000003198010
-0.000003448222
-0.000003690036
-0.000003923852
-0.000004171998
-0.000004384881
0.000004564157
0.000004748027
-0.000004918666
-0.000005077585
-0.000005180880
0.000005301008
-0.000005410670
0.000005513058
0.000010064759
0.000010293096
0.000010547958
-0.000010745640
0.000010912538
0.000002476535
-0.000002273170
-0.000002091170
-0.000011373821
