1.12 0.204713130516
1.125 0.153060094388
1.13 0.097397511536
1.135 0.037801382224
1.14 -0.026052606477
1.145 -0.094485099414
1.15 -0.167793418276
1.155 -0.245995907766
1.16 -0.329710234249
1.165 -0.418743575974
1.17 -0.512935772737
1.175 -0.611873402462
1.18 -0.714827691475
1.185 -0.820711898737
1.19 -0.928271287058
1.195 -1.035262111193
1.20 -1.139830802819
1.205 -1.239742993570
1.21 -1.332961464287
1.215 -1.416577119196
1.22 -1.488028283062
1.225 -1.541643729429
1.23 -1.543146417405
1.235 -1.493452271328
1.24 -1.556537857577
1.245 -1.659106467068
1.25 -1.751015743827
1.255 -1.795984250877
1.26 -1.815250033581
1.265 -1.820190945270
1.27 -1.814119518849
1.275 -1.800100153166
1.28 -1.779671597473
1.285 -1.753967609514
1.29 -1.723916469098
1.295 -1.690325627795
1.30 -1.653916742996
1.31 -1.575230464447
1.32 -1.492433557883
1.33 -1.409142457040
1.34 -1.328010181569
1.35 -1.250805409629
1.36 -1.178558847982
1.37 -1.111747819320
1.38 -1.050459976545
1.39 -0.994282429285
1.40 -0.943428613864
1.41 -0.897245290670
1.42 -0.855322937535
1.43 -0.817253522609
1.44 -0.782653869157
1.45 -0.751166698887
1.46 -0.722466760886
1.47 -0.696259938718
1.48 -0.672287230984
1.49 -0.650314454955
1.50 -0.630134629390
1.51 -0.611563579940
1.52 -0.594438432487
1.53 -0.578614320296
1.54 -0.563962384466
1.55 -0.550365232316
1.56 -0.537721160767
1.57 -0.525940748876
1.58 -0.514490251655
1.59 -0.504217653658
1.60 -0.494583055036
1.61 -0.485526106067
1.62 -0.476991429540
1.63 -0.468929782239
1.64 -0.461294483008
1.65 -0.454042781690
1.66 -0.447134442466
1.67 -0.440531411645
1.68 -0.434196071458
1.69 -0.428091650993
1.70 -0.422179901681
1.71 -0.416419757177
1.72 -0.410765987919
1.73 -0.405164955729
1.74 -0.399549138016
1.75 -0.393833187285
1.76 -0.387902167654
1.77 -0.381952077621
1.80 -0.358142137802
1.81 -0.347265604465
1.82 -0.334271666752
1.83 -0.319155373252
1.84 -0.302334040120
1.85 -0.284433983256
1.86 -0.266031429983
1.87 -0.283035159693
1.88 -0.266792956907
1.89 -0.250743792610
1.90 -0.234979778671
1.91 -0.219579973424
1.92 -0.204612639023
1.93 -0.190135446551
1.94 -0.176201115971
1.95 -0.162855436017
1.957 -0.153883818704
1.96 -0.150135686930
1.97 -0.138074941659
1.98 -0.126701174755
1.99 -0.116037497358
2.00 -0.106102198724
2.01 -0.096909092828
2.02 -0.088467112022
2.03 -0.080780553675
2.04 -0.073849081370
2.05 -0.067666821673
2.06 -0.062224879075
2.07 -0.057508199461
2.08 -0.053497190835
2.09 -0.050168110798
2.10 -0.047493179332
2.11 -0.045439847696
2.112 -0.045100702282
2.12 -0.043972439308
2.13 -0.043051828231
2.14 -0.042636266546
2.15 -0.042681475623
2.16 -0.043141518503
2.17 -0.043969339478
2.18 -0.045117317000
2.19 -0.036557423427
2.20 -0.038402044487
2.21 -0.040423528039
2.22 -0.042578448632
2.23 -0.044823059660
2.24 -0.047116888128
2.25 -0.049422169266
2.26 -0.051704025082
2.27 -0.053930507442
2.28 -0.056069965856
2.29 -0.058101816682
2.30 -0.059999507174
2.32 -0.063316665033
2.34 -0.065885901961
2.36 -0.067605502449
2.38 -0.068400687138
2.4 -0.068217862685
2.42 -0.067017083354
2.44 -0.064773047497
2.46 -0.061470644799
2.48 -0.057106748440
2.5 -0.051689913668
2.52 -0.045244574079
2.54 -0.037997924028
2.56 -0.029650432031
2.58 -0.020487116870
2.6 -0.010632429161
2.62 -0.000236466986
2.64 0.010530471038
2.66 0.021475099217
2.68 0.032393289629
2.7 0.043068806548
2.72 0.053278111154
2.74 0.062802621993
2.76 0.071438898522
2.78 0.079012827284
2.8 0.085387743283
2.82 0.090475078998
2.84 0.094232965233
2.86 0.096668411239
2.88 0.097833331785
2.90 0.097817048836
2.92 0.096740386330
2.94 0.094744363477
2.96 0.091982306816
2.98 0.088611662308
3.00 -0.084785449205
3.02 -0.080647472637
3.04 -0.076327029317
3.06 -0.072112653909
3.08 -0.067411808136
3.10 -0.063164693386
3.12 -0.059074372753
3.14 -0.055182393627
3.16 -0.051517749325
3.18 -0.048096566176
3.20 -0.044926126276
3.22 -0.038165178127
3.24 -0.035706491616
3.26 -0.033480490381
3.28 -0.031472637930
3.30 -0.029667471988
3.35 -0.025904610881
3.4 -0.023125435427
3.45 -0.021068950968
3.5 -0.019566340516
