0.477808527364
0.639263603949
0.927920417133
-1.532427983347
-2.536834389983
-1.910533782392
1.183729745517
0.841008212479
-0.656438740394
0.543554919170
-0.467873608546
0.414019897818
0.373955144960
0.343140925451
0.318830743972
-0.299419195019
-0.283421786553
0.000004097623
-0.000003539771
0.000003052866
0.000002637793
-0.000000945951
-0.000000768019
-0.000000580626
-0.000000450461
-0.000000338457
0.000001032317
-0.000000915409
0.000000793577
-0.000000688868
0.000000600354
0.000000525542
-0.000000203321
0.000000226901
0.000000244642
-0.000000273991
-0.000000304746
0.000000365975
0.000001288468
0.000001242117
0.000001199404
0.000001200638
-0.000001205751
0.000001205161
0.000001187811
0.000001180652
0.000001177369
-0.000001179089
-0.000001034282
-0.000001042562
0.000001054285
0.000001067461
0.000001084406
-0.000001103016
-0.000001139594
0.000001177620
-0.000000678189
-0.000000966874
-0.000000677033
-0.000000592596
-0.000000469777
-0.000000605258
0.000000321350
0.000000334905
0.000000352577
0.000000369570
0.000000390601
0.000000414447
0.000000439521
0.000000463800
0.000000484716
0.000000510654
0.000000538290
0.000000566363
0.000000607423
0.000000640394
0.000000672645
0.000000722758
0.000000758292
0.000000794744
0.000000821433
0.000000843838
0.000000870256
0.000000885745
0.000000746897
0.000000556365
0.000000296230
-0.000000241217
-0.000000417799
-0.000000534819
-0.000003100614
-0.000003186749
-0.000003267682
-0.000003378002
-0.000001309651
-0.000001368049
-0.000001421871
-0.000001473762
-0.000001526353
-0.000001563891
-0.000001821525
-0.000001904647
-0.000002045261
-0.000002140728
-0.000002590368
-0.000002569887
-0.000002582010
-0.000002635588
-0.000002740115
-0.000002747568
-0.000002819259
-0.000002885512
-0.000002782060
-0.000002848802
-0.000003014763
-0.000003112592
-0.000003132092
-0.000003217141
-0.000003324516
-0.000003439693
-0.000003400880
-0.000003124923
-0.000003660273
-0.000003767948
-0.000003449431
-0.000003288375
-0.000003642891
-0.000003734427
-0.000003822505
-0.000003915079
-0.000004006872
-0.000004098063
-0.000004186843
-0.000004283351
-0.000004373282
-0.000004460756
-0.000004659395
-0.000004869404
-0.000005137187
-0.000005462274
-0.000005854795
-0.000006308208
-0.000006332196
-0.000004449157
0.000001610632
0.000014839802
0.000017079937
0.000006568531
-0.000005333735
-0.000004917097
-0.000004136376
0.000001321289
0.000001801614
0.000002281619
0.000002537905
0.000002747954
0.000002904976
0.000002960599
0.000003401583
0.000002863459
0.000002748260
0.000002615413
0.000002495358
0.000002365020
0.000002256897
0.000016860989
0.000015359020
0.000013984301
0.000012757840
0.000011516935
0.000010351607
0.000009403759
0.000008333685
0.000007428024
0.000006486129
0.000005620699
0.000004831173
0.000004114498
0.000003444484
0.000002870980
0.000002354531
0.000000202303
-0.000000324301
-0.000000806440
-0.000001212896
-0.000001568738
-0.000005878470
-0.000005545620
-0.000005167954
-0.000002895861
