-0.027483669074
0.039047882198
0.146919054978
-0.373479043988
-0.938831363143
-1.448428477848
-1.573918114013
-1.615560192092
-1.637015407065
-1.650514361641
-1.660682300186
-1.668512042775
-1.674677861354
-1.679553172647
-1.683367865902
-1.685845655988
-1.687978900473
-0.000000965771
-0.000000758350
-0.000000632262
-0.000000544792
-0.000001423881
-0.000001206258
-0.000000930715
-0.000000751925
-0.000000573579
-0.000000257178
-0.000000160909
-0.000000129304
-0.000000121084
-0.000000126620
-0.000000139568
-0.000000422235
-0.000000408615
-0.000000386208
-0.000000387878
-0.000000401702
-0.000000435015
-0.000001938324
-0.000001811921
-0.000001710337
-0.000001641590
-0.000001570993
-0.000001503482
-0.000001432209
-0.000001369735
-0.000001310119
-0.000001253204
-0.000001069031
-0.000001031009
-0.000000995264
-0.000000957897
-0.000000914783
-0.000000867423
-0.000000796209
-0.000000601273
0.000000973076
-0.000001083555
-0.000001070963
0.000001120305
0.397377263320
0.329346855798
-0.279934941099
-0.242468696424
0.213103090140
0.189478202228
0.170066861884
0.153837719302
-0.140069415326
0.128242421937
-0.117973099532
-0.108972053081
-0.101016887759
0.093933800990
-0.087585159086
-0.081860449548
-0.076669572404
-0.071939178630
-0.067607467643
0.063622481335
-0.059938767643
-0.056515700907
-0.053313995029
-0.044600401707
-0.041823599927
-0.039044157730
-0.036291795557
-0.033670055488
0.031303834085
-0.029278757296
-0.037309200560
-0.036177696426
-0.035249053788
-0.034496039184
-0.033811496695
0.033340472739
0.032977360087
-0.032703518834
0.032502001279
-0.032395606429
-0.032357285274
-0.032255070024
0.032181592322
0.032125018964
-0.032076404215
-0.032017252151
-0.031939979711
-0.031831879922
-0.031682700591
0.031478900320
0.031210060503
-0.030862786026
-0.030424916435
-0.029878918837
-0.029211246970
-0.028404756152
0.028225275050
0.027441734085
0.026302778059
0.024966739376
-0.023409027219
-0.021609947845
-0.019534077048
-0.017155621616
0.014878116750
-0.012189104218
-0.009094447672
0.005558884492
0.001529672835
0.003048629999
-0.008238163720
-0.014108845903
-0.020739521159
-0.028219557453
-0.036650451476
0.046147599996
-0.068887471535
-0.097742738001
0.134427880658
-0.181189245016
0.240906981971
0.317073547521
0.413381965289
-0.532427222865
0.673029936615
0.827053770129
0.979666001928
1.115202426447
1.224194284924
1.304849318826
-1.361897921111
-1.400617515010
-1.426517191857
1.442918234827
-1.452429882494
-1.456876236358
1.457532235957
1.455297020568
1.450813071934
1.444545568451
-1.436836955592
-1.427942204078
1.418053710526
-1.407318269336
1.395849192140
-1.383056112895
1.370388898017
1.357198914032
1.343530942981
1.329420942158
1.314898662009
1.299990011325
1.284713376309
-1.269089004832
-1.253129838102
1.236850998974
1.220265017040
1.203382843866
-1.186217205592
1.168779249777
-1.151079870598
-1.157031257441
-1.137731409973
-1.118254419232
1.098617387186
-1.078837249568
-1.028875529064
0.978424028333
0.927812898544
0.877394372614
