1.12 0.318574326158
1.125 0.255786498100
1.13 0.188583826772
1.135 0.116595272608
1.14 0.039456039644
1.145 -0.043169777356
1.15 -0.131556495842
1.155 -0.225873025214
1.16 -0.326127427092
1.65 -0.444120934018
1.17 -0.543273217626
1.175 -0.658769598373
1.18 -0.777314904679
1.185 -0.897243993771
1.19 -1.016571900294
1.195 -1.133128871864
1.20 -1.244744458747
1.205 -1.349801494056
1.21 -1.445947306434
1.215 -1.532440648653
1.22 -1.608643710408
1.225 -1.674377290822
1.23 -1.730370922750
1.235 -1.776166982832
1.24 -1.814372704700
1.245 -1.853065999928
1.25 -1.912495344806
1.255 -1.927995857458
1.26 -1.933432060723
1.265 -1.931562458903
1.27 -1.922815228760
1.275 -1.908433713683
1.28 -1.888994919680
1.285 -1.864968525107
1.29 -1.836778479111
1.295 -1.804850124625
1.30 -1.769615141744
1.31 -1.691103718296
1.32 -1.605141335127
1.33 -1.515609036597
1.34 -1.425959647727
1.35 -1.338915240608
1.36 -1.256363876570
1.37 -1.179423443384
1.38 -1.108304445824
1.39 -1.043674975967
1.40 -0.985013150357
1.41 -0.931936819769
1.42 -0.883986255181
1.43 -0.840677988707
1.44 -0.801540395712
1.45 -0.766131306765
1.46 -0.734044379132
1.47 -0.704913788627
1.48 -0.678413587521
1.49 -0.654249609205
1.50 -0.632169107445
1.51 -0.611945577249
1.52 -0.593379128279
1.53 -0.576293644102
1.54 -0.560533415664
1.55 -0.545960533876
1.56 -0.532448153642
1.57 -0.519892661299
1.58 -0.508197371808
1.59 -0.497274933108
1.60 -0.487048206799
1.61 -0.477447054233
1.62 -0.468408357887
1.63 -0.459874971659
1.64 -0.451794964319
1.65 -0.444120932588
1.66 -0.436809414955
1.67 -0.429820316226
1.68 -0.423116390136
1.69 -0.416662691009
1.70 -0.410426022258
1.71 -0.404374421243
1.72 -0.398476439272
1.73 -0.392700079104
1.74 -0.386859260247
1.75 -0.381214029987
1.76 -0.375576921130
1.77 -0.369897968607
1.80 -0.351839793725
1.81 -0.345061408297
1.82 -0.337531448045
1.83 -0.328835453997
1.84 -0.318330341332
1.85 -0.305415733230
1.86 -0.288842888292
1.87 -0.269513096970
1.88 -0.249231794796
1.89 -0.229341941413
1.90 -0.210330105101
1.91 -0.192288780278
1.92 -0.175201945004
1.93 -0.159035056932
1.94 -0.143764658911
1.95 -0.129371498738
1.957 -0.119812608215
1.96 -0.115845487217
1.97 -0.103181785879
1.98 -0.091378692196
1.99 -0.080435905498
2.00 -0.070387706890
2.01 -0.061164515988
2.02 -0.052796150423
2.03 -0.045276421262
2.04 -0.038595781607
2.05 -0.032739630640
2.06 -0.027693128753
2.07 -0.023433350913
2.08 -0.019934212576
2.09 -0.017165149016
2.10 -0.015091694043
2.11 -0.013675265087
2.112 -0.013467169332
2.12 -0.012873640410
2.13 -0.012641771572
2.14 -0.012931392765
2.15 -0.013693556768
2.16 -0.014877058855
2.17 -0.016430213143
2.18 -0.018301453700
2.19 -0.020439890574
2.20 -0.022795890302
2.21 -0.025321619522
2.22 -0.027971247307
2.23 -0.030702182889
2.24 -0.033474046600
2.25 -0.036249645099
2.26 -0.038994997203
2.27 -0.041679212429
2.28 -0.044274629611
2.29 -0.046756530992
2.30 -0.049103114494
2.32 -0.053316240534
2.34 -0.056789219551
2.36 -0.059429849848
2.38 -0.061170393086
2.4 -0.061962703020
2.42 -0.061767830639
2.44 -0.060564381127
2.46 -0.058330815657
2.48 -0.055058428407
2.5 -0.050746200706
2.52 -0.045593175829
2.54 -0.039246429246
2.56 -0.031945290310
2.58 -0.023766707075
2.6 -0.014810092255
2.62 -0.005204771444
2.64 0.004892688398
2.66 0.015302326621
2.68 0.025824339445
2.7 0.036241825313
2.72 0.046332962851
2.74 0.055872288026
2.76 0.064647814805
2.78 0.072472677603
2.8 0.079194457363
2.82 0.084706639935
2.84 0.088949977262
2.86 0.091915418758
2.88 0.093639376403
2.90 0.094198064605
2.92 0.093699552246
2.94 0.092274948537
2.96 0.090068793754
2.98 0.087231481898
3.00 0.083910874940
3.02 0.080305452733
3.04 0.076189592978
3.06 0.072223636822
3.08 0.068244511402
3.10 0.064330036100
3.12 0.060537275943
3.14 0.056910391137
3.16 0.053480193898
3.18 0.050265488735
3.20 0.047276621947
3.22 0.044564517325
3.24 0.042016991081
3.26 0.039691714340
3.28 0.037521334476
3.30 0.035620653870
3.35 0.031643128559
3.4 0.028606236918
3.45 0.026315167880
3.5 0.024601977806
