1.12 -1.156283465620
1.125 -1.152167319397
1.13 -1.148213416204
1.135 -1.144425496500
1.14 -1.140759222304
1.145 -1.137322775096
1.15 -1.134075496139
1.155 -1.131030613083
1.16 -1.128205043450
1.165 -1.125619806298
1.17 -1.123310104872
1.175 -1.121283491109
1.18 -1.119572535899
1.185 -1.118178665151
1.19 -1.117030370994
1.195 -1.115886135252
1.20 -1.113507095609
1.205 -1.104743109844
1.21 -1.077721073617
1.215 -1.060397241020
1.22 -1.050181782088
1.225 -1.094847997509
1.23 -1.090829304993
1.235 -1.086382530106
1.24 -1.080460653137
1.245 -1.294536043720
1.25 -1.322674154947
1.255 -1.335651147830
1.26 -1.342601827610
1.265 -1.346195458662
1.27 -1.347559076578
1.275 -1.347321564105
1.28 -1.345887528374
1.285 -1.343550035979
1.29 -1.341070056216
1.295 -1.337503992164
1.30 -1.333541426828
1.31 -1.324819583061
1.32 -1.315507514544
1.33 -1.305993185378
1.34 -1.296529214570
1.35 -1.287279147607
1.36 -1.278346857613
1.37 -1.232267514936
1.38 -1.226802331281
1.39 -1.221843208594
1.40 -1.217410861229
1.41 -1.213480045523
1.42 -1.210015530148
1.43 -1.206973103546
1.44 -1.204306813955
1.45 -1.201967331139
1.46 -1.199902610064
1.47 -1.198061112075
1.48 -1.196391362798
1.49 -1.194843326984
1.50 -1.193369544328
1.51 -1.191796577153
1.52 -1.190320650898
1.53 -1.188783907763
1.54 -0.405337513670
1.55 -0.408870805595
1.56 0.412304933978
1.57 -0.415538667447
1.58 0.418583859176
1.59 0.421451218844
1.60 0.424150760141
1.61 0.426690601803
1.62 0.429079222620
1.63 -0.431324033073
1.64 -0.433431866560
1.65 -0.435409044203
1.66 -0.437261410998
1.67 -0.438994567309
1.68 -0.440613650990
1.69 -0.442123542261
1.70 0.443528908184
1.71 0.444834210581
1.72 0.446043784260
1.73 -0.447161999379
1.74 0.448193088121
1.75 0.449141397178
1.76 0.450011310411
1.77 -0.450807501654
1.80 -0.452804319411
1.81 0.453359903295
1.82 -0.453872613762
1.83 -0.454351681023
1.84 -0.454808362275
1.85 -0.455256509985
1.86 -0.455715717187
1.87 -0.456204937187
1.88 -0.456757634539
1.89 0.457417014327
1.90 -0.458224609089
1.91 0.457320685394
1.92 0.453256726747
1.93 -0.447505299061
1.94 -0.445260260529
1.95 0.442994580598
1.957 -0.441394616045
1.96 0.440705136476
1.97 -0.438389613145
1.98 0.436046315523
1.99 0.433673954925
2.00 -0.431271872292
2.01 0.428839470456
2.02 0.426376516334
2.03 -0.423882912719
2.04 -0.421358732009
2.05 -0.418804164238
2.06 -0.416219469052
2.07 0.421426130117
2.08 0.418500073303
2.09 0.415546401989
2.10 0.412566550041
2.11 0.409561603256
2.112 0.408957686478
2.12 -0.406532497554
2.13 0.403480055283
2.14 0.400405004955
2.15 0.397308009914
2.16 0.394189629140
2.17 0.391050402171
2.18 -0.387890855131
2.19 0.384711449328
2.20 0.381512633407
2.21 -0.378294858751
2.22 0.375058575007
2.23 0.371804256910
2.24 0.368532413171
2.25 -0.365243609612
2.26 -0.361938468855
2.27 -0.358617694577
2.28 -0.355282096283
2.29 0.351932553288
2.30 0.348570116746
2.32 -0.341810893951
2.34 0.335014504024
2.36 -0.328192433556
2.38 -0.321357204712
2.4 -0.314521837482
2.42 -0.307699105599
2.44 -0.300901038046
2.46 -0.294137891735
2.48 -0.287416993655
2.5 0.280742006683
2.52 -0.274111484440
2.54 -0.267518871428
2.56 0.260953783674
2.58 0.254399135365
2.6 -0.247871919359
2.62 0.241377686641
2.64 -0.234938213961
2.66 0.228572911341
2.68 0.222291586492
2.7 0.216094603328
2.72 -0.209975203059
2.74 0.203923298350
2.76 0.197927182951
2.78 -0.191974133209
2.8 0.186051634027
2.82 -0.180148270253
2.84 -0.174254104731
2.86 0.168361672848
2.88 -0.162466619621
2.90 0.156567626509
2.92 -0.150667028947
2.94 0.144770465851
2.96 -0.138886968218
2.98 0.133027965697
3.00 -0.127208490456
3.02 0.121442649705
3.04 0.115763103740
3.06 0.110154443803
3.08 -0.104641259937
3.10 0.099256857884
3.12 -0.094005910462
3.14 -0.088900618771
3.16 -0.083951250869
3.18 -0.079166050159
3.20 -0.074551298570
3.22 -0.070111422133
3.24 0.065861346511
3.26 0.061775222525
3.28 -0.057868024728
3.30 0.054138430622
3.35 -0.045574446264
3.4 0.038050722387
3.45 0.031492926925
3.5 -0.025819345140
