1.12 0.902582633691
1.125 0.901282399029
1.13 -0.899811327379
1.135 0.898159847224
1.14 -0.896322688437
1.145 0.894272721521
1.15 -0.891998606844
1.155 0.889477946916
1.16 -0.886682599643
1.165 -0.883577093395
1.17 0.880056814500
1.175 -0.876189047490
1.18 0.871839490110
1.185 0.866918585336
1.19 -0.861314039004
1.195 -0.854881836871
1.20 -0.847491812222
1.205 -0.839156956672
1.21 0.829994736716
1.215 -0.817323536939
1.22 -0.800749086047
1.225 -0.770773710203
1.23 0.740066440511
1.235 0.700925063547
1.24 0.650971374536
1.245 0.543309928652
1.25 0.463293345993
1.255 -0.378867196255
1.26 -0.295785682890
1.265 -0.218871874647
1.27 -0.150733395226
1.275 -0.092335739537
1.28 -0.042175421737
1.285 0.000470275524
1.29 0.036873858704
1.295 0.068119975998
1.30 0.095181098696
1.31 0.139663237503
1.32 -0.174582085045
1.33 -0.203147678471
1.34 -0.226967469630
1.35 -0.247250129430
1.36 -0.264821958086
1.37 0.282490690372
1.38 -0.295753979011
1.39 -0.307534131950
1.40 -0.318283266667
1.41 -0.328058676356
1.42 0.336998773901
1.43 0.345214124781
1.44 -0.352794513474
1.45 0.359813694377
1.46 0.366333110608
1.47 0.372404215792
1.48 0.378070604502
1.49 -0.383369546398
1.50 -0.388333111601
1.51 0.392927218413
1.52 0.397304488286
1.53 0.401418902694
1.54 -1.187151759880
1.55 -1.185363934284
1.56 -1.183385514764
1.57 -1.181173355601
1.58 -1.178678951962
1.59 -1.175849296191
1.60 -1.172497445082
1.61 -1.168798735272
1.62 -1.164556942765
1.63 -1.159681075874
1.64 -1.154064723316
1.65 -1.147582784162
1.66 -1.139964870627
1.67 -1.131234288917
1.68 -1.121095773290
1.69 -1.109301837651
1.70 -1.095563420339
1.71 -1.079547325515
1.72 -1.060776041080
1.73 -1.038988184277
1.74 -1.013660788126
1.75 -0.984347239278
1.76 -0.950654810841
1.77 -0.912315745100
1.80 -0.770105912742
1.81 -0.715666765353
1.82 -0.659338153619
1.83 -0.602275432519
1.84 -0.545483423647
1.85 -0.489649593984
1.86 -0.435242255821
1.87 -0.381350152981
1.88 -0.326925495950
1.89 0.268647262304
1.90 0.195934273818
1.91 0.021155552798
1.92 -0.087095740984
1.93 -0.146868339403
1.94 -0.155106839933
1.95 -0.162457615738
1.957 -0.167156520082
1.96 -0.169070186745
1.97 -0.175059572062
1.98 -0.180515305562
1.99 -0.185508616951
2.00 -0.190096039769
2.01 -0.194323440432
2.02 -0.198228500520
2.03 -0.201842258776
2.04 -0.205190469488
2.05 -0.208295019501
2.06 -0.211174195256
2.07 -0.196744699473
2.08 -0.199670476428
2.09 -0.202429265573
2.10 -0.205028464089
2.11 -0.207474836598
2.112 -0.207946314738
2.12 -0.209774538648
2.13 -0.211933435782
2.14 -0.213956957917
2.15 -0.215850474511
2.16 -0.217618186138
2.17 -0.219264656723
2.18 -0.220794735168
2.19 -0.222212290417
2.20 -0.223521314133
2.21 -0.224725545131
2.22 -0.225828586082
2.23 -0.226833883150
2.24 -0.227744656258
2.25 -0.228564164810
2.26 -0.229295114602
2.27 -0.229940298306
2.28 -0.230502339915
2.29 -0.230983670413
2.30 -0.231386592609
2.32 -0.231965372136
2.34 -0.232254407026
2.36 -0.232267540642
2.38 -0.232017738226
2.4 -0.231517224385
2.42 -0.230778910907
2.44 -0.229815710321
2.46 -0.228641943873
2.48 0.227274128529
2.5 0.225730811619
2.52 0.224035028247
2.54 0.222212109767
2.56 0.220288615005
2.58 0.218277526269
2.6 0.216208176344
2.62 0.214068750491
2.64 0.211850309729
2.66 0.209546686175
2.68 0.207159516399
2.7 0.204696126751
2.72 0.202166977462
2.74 -0.199582559358
2.76 -0.196949704029
2.78 -0.194274935773
2.8 -0.191562239528
2.82 -0.188813706546
2.84 -0.186030118621
2.86 -0.183210406295
2.88 -0.180352502496
2.90 -0.177454035436
2.92 -0.174512256599
2.94 -0.171524865044
2.96 -0.168490242629
2.98 -0.165407995877
3.00 -0.162280090531
3.02 -0.159108828024
3.04 -0.155886501325
3.06 -0.152645731479
3.08 -0.149371029530
3.10 -0.146088974338
3.12 -0.142798184791
3.14 -0.139507124471
3.16 -0.136224037437
3.18 -0.132956738234
3.20 -0.129714018966
3.22 -0.126499255646
3.24 -0.123295111689
3.26 -0.120156481208
3.28 -0.117062826040
3.30 -0.114017695976
3.35 -0.106635646127
3.4 -0.099606510621
3.45 -0.092944349684
3.5 -0.086645657232
