1.12 1.864939391546
1.125 1.868935625469
1.13 1.872935931964
1.135 1.876934717438
1.14 1.880908808624
1.145 1.884891399822
1.15 1.888860018429
1.155 1.892811492237
1.16 1.896742779980
1.165 1.900650136256
1.17 1.904528861621
1.175 1.908369386760
1.18 1.912158518597
1.185 1.915873456403
1.19 1.919474879314
1.195 1.922909242827
1.20 1.925954884546
1.205 1.927920924617
1.21 1.927166146638
1.215 1.927482532528
1.22 1.928457100352
1.225 1.936876874715
1.23 1.937259837419
1.235 1.937125349976
1.24 1.935956003112
1.245 1.965447208963
1.25 1.972671768448
1.255 1.975991144708
1.26 1.977665907024
1.265 1.978369191583
1.27 1.978394819608
1.275 1.977911660788
1.28 1.977030491216
1.285 1.975834063479
1.29 1.974580904529
1.295 1.972912823176
1.30 1.971066625676
1.31 1.966943730643
1.32 1.962336398647
1.33 1.957294518956
1.34 1.951827290942
1.35 1.945926337778
1.36 1.939578640338
1.37 1.928063131767
1.38 1.921672569928
1.39 1.914873485009
1.40 1.907667100716
1.41 1.900048203248
1.42 1.892013048301
1.43 1.883558509443
1.44 1.874682506681
1.45 1.865383550115
1.46 1.855660884430
1.47 1.845515103548
1.48 1.834947644376
1.49 1.823960721962
1.50 1.812558473606
1.51 1.800752948762
1.52 1.788538827182
1.53 1.775930326491
1.54 1.762937870830
1.55 1.749569274081
1.56 1.735836553288
1.57 1.721751434314
1.58 1.707325557387
1.59 1.692570602204
1.60 1.677491692961
1.61 1.662113666197
1.62 1.646440739503
1.63 1.630483761871
1.64 1.614253225370
1.65 1.597759182467
1.66 1.581014154674
1.67 1.564021258075
1.68 1.546791857094
1.69 1.529333853699
1.70 1.511654503127
1.71 1.493760374256
1.72 1.475655139638
1.73 1.457347826196
1.74 1.438840188497
1.75 1.420134891538
1.76 1.401233258545
1.77 1.382134921448
1.80 1.323624528450
1.81 1.303687548296
1.82 1.283510094448
1.83 1.263068794591
1.84 1.242331421751
1.85 1.221253201228
1.86 1.199770325790
1.87 1.177791896967
1.88 1.155175450661
1.89 1.131679281770
1.90 1.106819057955
1.91 1.083388062183
1.92 1.076504891738
1.93 1.090399031951
1.94 1.075425914945
1.95 1.060405474857
1.957 1.049874965639
1.96 1.045359805503
1.97 1.030308094357
1.98 1.015267228058
1.99 1.000252358042
2.00 0.985276756973
2.01 0.970352686738
2.02 0.955491129790
2.03 0.940702070021
2.04 0.925994482497
2.05 0.911376447500
2.06 0.896855229249
2.07 0.876545807742
2.08 0.862574425169
2.09 0.848689587319
2.10 0.834897998858
2.11 0.821205455034
2.112 0.818479307586
2.12 0.807617229229
2.13 0.794138005670
2.14 0.780772057802
2.15 0.767523296860
2.16 0.754395315750
2.17 0.741391499517
2.18 0.728515048432
2.19 0.715769028827
2.20 0.703156371893
2.21 0.690679945685
2.22 0.678342529311
2.23 0.666146821574
2.24 0.654095444051
2.25 0.642190951285
2.26 0.630435750063
2.27 0.618832155296
2.28 0.607382315335
2.29 0.596088230263
2.30 0.584951637320
2.32 0.563157549380
2.34 0.542010198205
2.36 0.521516067583
2.38 0.501677641525
2.4 0.482493362850
2.42 0.463957715189
2.44 0.446061026988
2.46 0.428789891302
2.48 0.412126407460
2.5 0.396049365469
2.52 0.380532366515
2.54 0.365546083077
2.56 0.351061658537
2.58 0.337044492282
2.6 0.323510145819
2.62 0.310445701215
2.64 0.297850345128
2.66 0.285712325911
2.68 0.274007478576
2.7 0.262704365218
2.72 0.251769567593
2.74 0.241171581909
2.76 0.230883589701
2.78 0.220882302809
2.8 0.211148240137
2.82 0.201667324079
2.84 0.192429482814
2.86 0.183428446983
2.88 0.174662360425
2.90 0.166131530120
2.92 0.157838953657
2.94 0.149789319895
2.96 0.141988286230
2.98 0.134442555531
3.00 0.127155437058
3.02 0.120134323971
3.04 0.113343759261
3.06 0.106860943485
3.08 0.100648898919
3.10 0.094705450868
3.12 0.089027258576
3.14 0.083609131201
3.16 0.078444863609
3.18 0.073527234199
3.20 0.068848378944
3.22 0.064399241306
3.24 0.060132115863
3.26 0.056117441536
3.28 0.052305519908
3.30 0.048687490889
3.35 0.040433871331
3.4 0.033209753703
3.45 0.026902808137
3.5 0.021413231128
