1.12 0.296402968567
1.125 0.288335261587
1.13 0.280212738468
1.135 0.272094032702
1.14 0.262828089428
1.145 0.254838777058
1.15 0.247036925888
1.155 0.239467995799
1.16 0.232157088483
1.165 0.225098122652
1.17 0.218183044851
1.175 0.211432458575
1.18 0.204633993877
1.185 0.197592613841
1.19 0.190112410073
1.195 0.183199427985
1.20 0.174942475569
1.205 0.168957441097
1.21 0.170353454807
1.215 0.164945156404
1.22 0.154381918993
1.225 0.113669965807
1.23 0.096146169685
1.235 0.077624886042
1.24 0.060493105511
1.245 -0.052949275347
1.25 -0.081798197902
1.255 -0.103902095820
1.26 -0.125328225907
1.265 -0.145554587868
1.27 -0.164943661306
1.275 -0.183673107868
1.28 -0.201771582881
1.285 -0.218874653782
1.29 -0.235889731231
1.295 -0.252211880791
1.30 -0.267741033070
1.31 -0.296631946640
1.32 -0.322575343688
1.33 -0.345617138704
1.34 -0.365921984123
1.35 -0.383730668093
1.36 -0.399316775377
1.37 -0.424568118847
1.38 -0.437616546324
1.39 -0.448664091742
1.40 -0.458400400819
1.41 -0.466993677455
1.42 -0.474583490532
1.43 -0.481294773982
1.44 -0.487214244272
1.45 -0.492418398429
1.46 -0.496974585784
1.47 -0.500939621504
1.48 -0.504360109588
1.49 -0.507272781365
1.50 -0.509709773711
1.51 -0.511633030263
1.52 -0.513179750047
1.53 -0.514310685901
1.54 -0.686853592942
1.55 -0.688615169851
1.56 0.689713272010
1.57 -0.690706500310
1.58 0.691592667203
1.59 0.692368745123
1.60 0.693031515525
1.61 0.693574245349
1.62 0.693991504184
1.63 -0.694275664446
1.64 -0.694417622788
1.65 -0.694406575324
1.66 -0.694229705983
1.67 -0.693872286210
1.68 -0.693316748502
1.69 -0.692542818046
1.70 0.691526819974
1.71 0.690241082058
1.72 0.688653199482
1.73 -0.686725114331
1.74 0.684411862363
1.75 0.681660053369
1.76 0.678405683386
1.77 -0.674571664386
1.80 -0.658536182252
1.81 0.651186951257
1.82 -0.642481806838
1.83 -0.632105227598
1.84 -0.619626049766
1.85 -0.604431467078
1.86 -0.585604035883
1.87 -0.561667885112
1.88 -0.529969564302
1.89 0.484804315317
1.90 -0.408550920426
1.91 0.150672724490
1.92 -0.038030882881
1.93 0.228242845106
1.94 0.239754431204
1.95 -0.249721328503
1.957 0.255895523975
1.96 -0.258357014777
1.97 0.265825759188
1.98 -0.272256141575
1.99 -0.277749910225
2.00 0.282389641018
2.01 -0.286241863868
2.02 -0.289361787197
2.03 0.291794917828
2.04 0.293579770851
2.05 0.294749336722
2.06 0.295332379388
2.07 -0.288258041542
2.08 -0.288298734373
2.09 -0.287711864476
2.10 -0.286532316762
2.11 -0.284791252079
2.112 -0.284378368182
2.12 0.282519425217
2.13 -0.279747813499
2.14 -0.276508453593
2.15 -0.272834992961
2.16 -0.268763029987
2.17 -0.264330267071
2.18 0.259576434908
2.19 -0.254543078979
2.20 -0.249273125409
2.21 0.243810441301
2.22 -0.238199192389
2.23 -0.232483195264
2.24 -0.226705142676
2.25 0.220906439017
2.26 0.215125874356
2.27 0.209399613744
2.28 0.203760670088
2.29 -0.198238586301
2.30 -0.192859465302
2.32 0.182614843176
2.34 -0.173161985710
2.36 0.164583208505
2.38 0.156916329894
2.4 0.150164520505
2.42 0.144305701186
2.44 0.139301780915
2.46 0.135104961904
2.48 0.131662447288
2.5 -0.128922114418
2.52 0.126832320604
2.54 0.125344906400
2.56 -0.124415310931
2.58 -0.123904986202
2.6 0.123981700340
2.62 -0.124513415806
2.64 0.125475987770
2.66 -0.126846364214
2.68 -0.128597970789
2.7 -0.130698734427
2.72 0.133109385194
2.74 -0.135783188659
2.76 -0.138666001302
2.78 0.141697373929
2.8 -0.144812324585
2.82 0.147943900091
2.84 0.151025988299
2.86 -0.153995835332
2.88 0.156797677468
2.90 -0.159382944545
2.92 0.161712461388
2.94 -0.163756917533
2.96 0.165496288135
2.98 0.166919636421
3.00 -0.168023347862
3.02 0.168811361286
3.04 0.169306007386
3.06 0.169491081492
3.08 -0.169361885566
3.10 0.169006837653
3.12 -0.168409200288
3.14 -0.167587927311
3.16 -0.166561917820
3.18 -0.165349506223
3.20 -0.163968201646
3.22 -0.162434551183
3.24 0.160793435170
3.26 0.158999496289
3.28 -0.157096454516
3.30 0.155096634329
3.35 -0.149745924154
3.4 0.143952547961
3.45 0.137964826113
3.5 -0.131824637835
