1.12 0.806307197203
1.125 0.837219110753
1.13 0.870189878604
1.135 0.905315497475
1.14 0.943092669253
1.145 0.982745974676
1.15 1.024677917195
1.155 1.068821808944
1.16 1.115018308083
1.165 1.162984204375
1.17 1.212281434981
1.175 1.262269222524
1.18 1.312090543466
1.185 1.360625410998
1.19 1.406445019838
1.195 1.447272114870
1.20 1.480932071283
1.205 1.499274569722
1.21 1.491408760936
1.215 1.493742981371
1.22 1.497029235174
1.225 1.523179127218
1.23 1.509554571810
1.235 1.485787878447
1.24 1.448927482174
1.245 1.358321517246
1.25 1.334456115944
1.255 1.291085545229
1.26 1.236804294020
1.265 1.173992964437
1.27 1.104081414328
1.275 1.028113335857
1.28 0.946999449630
1.285 0.861580617837
1.29 0.772912081010
1.295 0.681833345992
1.30 0.589235065798
1.31 0.403237785152
1.32 0.221339331268
1.33 0.048460292247
1.34 -0.112252853888
1.35 -0.259278382853
1.36 -0.392340942189
1.37 -0.587014310053
1.38 -0.687725058279
1.39 -0.777878835291
1.40 -0.858762810528
1.41 -0.931582833941
1.42 -0.997404244117
1.43 -1.057147996377
1.44 -1.111607728288
1.45 -1.161457691185
1.46 -1.207268822868
1.47 -1.249524841270
1.48 -1.288636151285
1.49 -1.324952281816
1.50 -1.358770906281
1.51 -1.390347063823
1.52 -1.419898401296
1.53 -1.447614907062
1.54 -1.473662941463
1.55 -1.498178810431
1.56 -1.521290691477
1.57 -1.543109409472
1.58 -1.563731323501
1.59 -1.583241460376
1.60 -1.601732583004
1.61 -1.619234937863
1.62 -1.635824941937
1.63 -1.651554078970
1.64 -1.666467513580
1.65 -1.680604732940
1.66 -1.693987937572
1.67 -1.706669045232
1.68 -1.718658995474
1.69 -1.729975576425
1.70 -1.740631183359
1.71 -1.750632184577
1.72 -1.759977490384
1.73 -1.768662539909
1.74 -1.776670480144
1.75 -1.783975114224
1.76 -1.790539175096
1.77 -1.796308469053
1.80 -1.807967171206
1.81 -1.809499950823
1.82 -1.809482510348
1.83 -1.807551647811
1.84 -1.803181994699
1.85 -1.795585535031
1.86 -1.783520003053
1.87 -1.764883399872
1.88 -1.735710909182
1.89 -1.687057612245
1.90 -1.589774893497
1.91 -1.156109026314
1.92 -0.728266463938
1.93 -0.026133664111
1.94 -0.007322042025
1.95 0.007077369669
1.957 0.014888816903
1.96 0.017720545852
1.97 0.025128962382
1.98 0.029726246023
1.99 0.031863024201
2.00 0.031835887146
2.01 0.029898378916
2.02 0.026272607097
2.03 0.021154053020
2.04 0.014718077526
2.05 0.007123743582
2.06 -0.001483257813
2.07 0.014690354791
2.08 0.004272433738
2.09 -0.007188902180
2.10 -0.019508716938
2.11 -0.032515961390
2.112 -0.035185957747
2.12 -0.046054636154
2.13 -0.059979547374
2.14 -0.074154261266
2.15 -0.088450182394
2.16 -0.102746103014
2.17 -0.116928266530
2.18 -0.130890757184
2.19 -0.144535993019
2.20 -0.157775392378
2.21 -0.170530011534
2.22 -0.182731059268
2.23 -0.194320306698
2.24 -0.205248652542
2.25 -0.215482614789
2.26 -0.224994439943
2.27 -0.233767960289
2.28 -0.241796442498
2.29 -0.249081697393
2.30 -0.255630256039
2.32 -0.266602069625
2.34 -0.274899313443
2.36 -0.280770031898
2.38 -0.284492706521
2.4 -0.286352513109
2.42 -0.286626310511
2.44 -0.285570087752
2.46 -0.283414946128
2.48 -0.280365326182
2.5 -0.276596085542
2.52 -0.272255709911
2.54 -0.267468602423
2.56 -0.262338708879
2.58 -0.256798018983
2.6 -0.251239401676
2.62 -0.245552395752
2.64 -0.239785127775
2.66 -0.233976079962
2.68 -0.228156922863
2.7 -0.222352718417
2.72 -0.216585042222
2.74 -0.210870771155
2.76 -0.205224168234
2.78 -0.199656719283
2.8 -0.194178526162
2.82 -0.188797431208
2.84 -0.183520404729
2.86 -0.178352642294
2.88 -0.173300898017
2.90 -0.168369024247
2.92 -0.163561108006
2.94 -0.158880880537
2.96 -0.154331183358
2.98 0.149913366556
3.00 0.145630220418
3.02 0.141480027072
3.04 0.137464964195
3.06 0.133579091344
3.08 0.129822863108
3.10 0.126193036924
3.12 0.122683522775
3.14 0.119289825217
3.16 0.116006493287
3.18 0.112827625019
3.20 0.109745738983
3.22 0.106758318808
3.24 0.103850663827
3.26 0.101030886715
3.28 0.098287275240
3.30 0.095614804279
3.35 0.089215164497
3.4 0.083201710330
3.45 0.077458735638
3.5 0.071987894084
