1.12 -1.128225351115
1.125 -1.124297321938
1.13 1.119969208120
1.135 -1.115135305992
1.14 1.109818585912
1.145 -1.103589462269
1.15 1.096418912519
1.155 -1.088119150667
1.16 1.078483779293
1.165 1.067294579828
1.17 -1.054328219613
1.175 1.039393896662
1.18 -1.022330419948
1.185 -1.003049706179
1.19 0.981556136017
1.195 0.957811363094
1.20 0.932135692683
1.205 0.903582753467
1.21 -0.868856179058
1.215 0.835313110657
1.22 0.803092489657
1.225 0.772424740896
1.23 -0.740240320744
1.235 -0.707725096444
1.24 -0.674488200984
1.245 -0.724464253465
1.25 -0.690145475679
1.255 0.655813241261
1.26 0.624809312467
1.265 0.598794191094
1.27 0.578646858432
1.275 0.564363192965
1.28 0.555472215673
1.285 0.551120432407
1.29 0.550465277760
1.295 0.552653090892
1.30 0.556936300452
1.31 0.569498607932
1.32 -0.584337642398
1.33 -0.599388545998
1.34 -0.613293480563
1.35 -0.625486241050
1.36 -0.635821173025
1.37 0.637429777850
1.38 -0.644149304147
1.39 -0.649776601749
1.40 -0.654565258739
1.41 -0.658675627876
1.42 0.662251432739
1.43 0.665406711437
1.44 -0.668229815692
1.45 0.670787928384
1.46 0.673130786381
1.47 0.675294859311
1.48 0.677306098185
1.49 -0.679182554082
1.50 -0.680936586616
1.51 0.682757042916
1.52 0.684289637402
1.53 0.685715796598
1.54 -0.515073278823
1.55 -0.515408980676
1.56 -0.515352283977
1.57 -0.514892818776
1.58 -0.514022679033
1.59 -0.512729092195
1.60 -0.510773356857
1.61 -0.508551888820
1.62 -0.505832405790
1.63 -0.502576324110
1.64 -0.498736860502
1.65 -0.494258031685
1.66 -0.488861269577
1.67 -0.482851528223
1.68 -0.475960218175
1.69 -0.468083080204
1.70 -0.459102907692
1.71 -0.448891475010
1.72 -0.437327175337
1.73 -0.424265657249
1.74 -0.409596100470
1.75 -0.393245973402
1.76 -0.375216456719
1.77 -0.355621646128
1.80 -0.291151734597
1.81 -0.269830626112
1.82 -0.250028221032
1.83 -0.232681659984
1.84 -0.218694510473
1.85 -0.208933695278
1.86 -0.204293436511
1.87 -0.205904611851
1.88 -0.215535932210
1.89 0.236893911611
1.90 0.281389697321
1.91 0.444292786646
1.92 0.550813747676
1.93 0.606105501005
1.94 0.609166082579
1.95 0.611311134512
1.957 0.612327863744
1.96 0.612650475482
1.97 0.613267942475
1.98 0.613228491255
1.99 0.612583214423
2.00 0.611372829241
2.01 0.609630854021
2.02 0.607385101247
2.03 0.604659565733
2.04 0.601475470149
2.05 0.597852396262
2.06 0.593808983963
2.07 0.558338357381
2.08 0.554559396590
2.09 0.550444175653
2.10 0.546000865745
2.11 0.541243376252
2.112 0.540255477389
2.12 0.536186968481
2.13 0.530849279971
2.14 0.525250214473
2.15 0.519411921867
2.16 0.513358072061
2.17 0.507114444700
2.18 0.500708028283
2.19 0.494166688954
2.20 0.487519020974
2.21 0.480793448026
2.22 0.474018046969
2.23 0.467219982209
2.24 0.460427056313
2.25 0.453659611139
2.26 0.446941554769
2.27 0.440292759668
2.28 0.433730541135
2.29 0.427269769339
2.30 0.420924495969
2.32 0.408609052725
2.34 0.396837631595
2.36 0.385630325527
2.38 0.374981818650
2.4 0.364868928239
2.42 0.355256919910
2.44 0.346103129363
2.46 0.337363907072
2.48 -0.328994827816
2.5 -0.320954877927
2.52 -0.313208293703
2.54 -0.305724021931
2.56 -0.298477520204
2.58 -0.291336647433
2.6 -0.284523750790
2.62 -0.277907503905
2.64 -0.271480805511
2.66 -0.265240015744
2.68 -0.259185734500
2.7 -0.253323279234
2.72 -0.247661312241
2.74 0.242211154721
2.76 0.236984916313
2.78 0.231994409006
2.8 0.227249457560
2.82 0.222756745616
2.84 0.218518796998
2.86 0.214534177773
2.88 0.210794215968
2.90 0.207287743090
2.92 0.203998408430
2.94 0.200906423113
2.96 0.197989675930
2.98 -0.195224536284
3.00 -0.192587732161
3.02 -0.190055433047
3.04 -0.187624867277
3.06 -0.185237408969
3.08 -0.182859365733
3.10 -0.180551966752
3.12 -0.178264010496
3.14 -0.175986005068
3.16 -0.173710741192
3.18 -0.171433201186
3.20 -0.169140100390
3.22 -0.166850914297
3.24 -0.164578593445
3.26 -0.162273094967
3.28 -0.159961415310
3.30 -0.157645439051
3.35 -0.151852258191
3.4 -0.146034918402
3.45 -0.140331728542
3.5 -0.134747678561
