0.000001687030
0.000001347358
-0.000000925854
-0.000000797853
0.000000668777
0.000000504122
-0.000000389477
0.000000216848
0.000000154888
-0.000000125789
-0.000000208321
-0.000000843549
-0.000000613679
-0.000000619356
-0.000000729804
-0.000000751651
0.000000686350
0.000000702884
0.000001090956
-0.000001361625
-0.000002623769
-0.000002592096
0.000002518967
0.000002378224
-0.000002441657
-0.000002235385
0.000002086889
0.000001952786
0.000001804753
0.000002712934
0.000000926976
0.000000846404
0.000000689368
-0.000000740764
-0.000000804775
-0.000000860908
-0.000000910004
-0.000000977494
-0.000000973205
-0.000000959369
-0.000000956427
-0.000001102331
-0.000001834774
-0.000002319384
-0.000002477447
-0.000004843002
-0.000004805645
-0.000004761015
-0.000004706912
0.000000341926
-0.000000230565
-0.000001345838
-0.000000773521
-0.000000892103
-0.000000952418
-0.000001065949
-0.000001141882
-0.000001214832
-0.000002404729
-0.000002449817
-0.000002533513
-0.000002619008
-0.000002707259
-0.000002795679
-0.000002886831
-0.000002978228
-0.000003069837
-0.000003159895
-0.000003248242
-0.000003306287
-0.000003378673
-0.000003448062
-0.000003507746
-0.000003557335
-0.000003739769
-0.000003780712
-0.000003809918
-0.000003826568
-0.000003827998
-0.000001832139
-0.000001904863
-0.000001942496
-0.000001977703
-0.000002060943
-0.000002085876
-0.000002100152
-0.000002120582
-0.000002154010
-0.000002433091
-0.000002457661
-0.000002475962
-0.000002479413
-0.000002480810
-0.000002476743
-0.000002464508
-0.000002444484
-0.000002416764
-0.000002382283
-0.000002340645
-0.000002306284
-0.000002290321
-0.000002232194
-0.000002164874
-0.000002090024
-0.000002267675
-0.000002185253
-0.000002062798
-0.000001964451
-0.000001854139
-0.000001735452
-0.000001606920
-0.000001455297
-0.000001304166
-0.000001143041
-0.000000971345
-0.000000633243
-0.000000594639
-0.000000435999
-0.000000228127
0.000001269181
0.000001424111
0.000001594024
0.000001765019
0.000001945044
0.000002132020
0.000002328912
0.000002537217
0.000002755863
0.000002983477
0.000003221253
0.000003467611
0.000003725886
0.000003991109
0.000004264895
0.000004541952
0.000004824741
0.000005398096
0.000005952692
0.000006298219
0.000006711930
0.000007215900
0.000007410185
0.000007467719
0.000007396855
0.000007219777
0.000006967116
0.000006665456
0.000006337317
0.000004347960
0.000004253076
0.000004180208
0.000004130292
0.000004101970
0.000004088045
0.000004102638
0.000004138195
0.000004191134
0.000004265155
0.000004357334
0.000004464562
0.000004589129
0.000004703758
0.000004811439
0.000004900578
0.000004993471
-0.000005083262
0.000005169853
-0.000005251203
0.000005324775
-0.000005388513
-0.000005442025
0.000005481196
-0.000005495841
-0.000005493467
0.000005472542
-0.000005408248
0.000005306657
0.000005168882
-0.000004995832
0.000004869518
0.000004600466
-0.000004291506
0.000003939711
-0.000003555626
0.000003153430
-0.000002742832
0.000001756685
-0.000000991917
0.000002188147
-0.000002011410
