-0.000000069584
-0.000000040352
0.000001275925
0.000001511613
0.000000040641
0.000000029792
-0.000000297153
-0.000000231542
-0.000000917280
-0.000000708768
-0.000000531796
-0.000000412048
-0.000000119642
0.000000075332
0.000000232223
0.000000348495
0.000000435620
0.000000496605
0.000000659951
0.000000684368
0.000000689397
0.000000678357
0.000000646246
0.000000620062
0.000000600713
0.000000600634
0.000000644195
0.000000764967
0.000000981427
0.000001363731
0.000001897759
0.000002527184
0.000003177234
0.000003788589
0.000004331137
0.000005377243
0.000005318702
0.000001707787
0.000001493476
0.000001358969
0.000001279943
0.000002050087
0.000002316809
0.000002490340
0.000002443224
0.000002361633
-0.000002272730
-0.000002180762
0.000002090181
0.000002000508
-0.000001913355
-0.000001828571
0.000001747224
-0.000004058741
0.000004029478
0.000004023105
-0.000004021901
0.000004024337
0.000004029404
-0.000004036753
0.000004046306
0.000003235834
0.000003174893
-0.000003118405
0.000003065621
0.000003015950
-0.000002973551
0.000002921703
0.000002877386
-0.000002833225
-0.000002788544
0.000002743829
0.000002700097
-0.000002658680
-0.000002620826
-0.000004432688
0.000004480587
-0.000004533953
0.000004594006
-0.000004661085
0.000004735461
0.000004817082
0.000004906469
0.000005002261
0.000005330433
-0.000005337638
-0.000005425829
0.000005505432
0.000005663498
0.000005722897
-0.000005768703
0.000005800425
-0.000005818121
-0.000000948500
-0.000000984537
0.000001016539
-0.000001043634
-0.000001068721
0.000001089801
-0.000001113678
-0.000001122767
-0.000001126220
0.000001135310
0.000001140394
0.000001142946
-0.000001142705
-0.000001140463
-0.000001099239
0.000001091395
0.000001082269
0.000001071727
-0.000001035276
-0.000001014561
0.000000993050
-0.000000969967
0.000000946534
0.000000921948
0.000000916900
0.000000887999
0.000000860586
-0.000001130258
0.000001101194
-0.000001067536
-0.000001032004
-0.000000994961
-0.000000956041
0.000000914754
-0.000000873840
0.000000831057
0.000000787494
-0.000000743308
-0.000000699353
-0.000000636759
-0.000000591172
-0.000000545178
-0.000000500637
-0.000000456040
0.000000387602
0.000000301338
-0.000000217458
0.000000104450
-0.000000103720
-0.000000243917
0.000000344875
-0.000001089253
0.000001276004
0.000001295868
0.000001435079
-0.000000371879
0.000001287292
0.000001336450
0.000001356790
-0.000001902966
-0.000001924478
0.000001732711
-0.000001840449
-0.000001845482
-0.000001810189
-0.000001769696
-0.000001729258
-0.000001661987
0.000001583689
0.000001491260
-0.000001373840
0.000001260884
-0.000001130134
0.000000969130
-0.000000792429
0.000000628176
0.000000471967
-0.000000308827
-0.000000170692
-0.000000052299
0.000000048807
0.000000128288
0.000000187119
-0.000000211474
-0.000000224514
-0.000000214157
-0.000000165541
0.000000129456
0.000000074105
0.000000091099
0.000000148951
-0.000000177867
0.000000205558
-0.000000268012
-0.000000605233
