1.12 0.000000552297
1.125 -0.000000671776
1.13 0.000000145294
1.135 0.000000131381
1.14 -0.000000248195
1.145 -0.000000129692
1.15 -0.000000293248
1.155 0.000000565712
1.16 0.000000776989
1.165 -0.000000808089
1.17 -0.000000219714
1.175 -0.000001825380
1.18 0.000002959533
1.185 0.000002779198
1.19 0.000002376393
1.195 0.000002244860
1.20 -0.000001754546
1.205 -0.000001867350
1.21 -0.000000834786
1.215 -0.108893398745
1.22 -0.159799141958
1.225 -0.217150599778
1.23 0.281718690221
1.235 0.354500710222
1.24 -0.436388757325
1.245 -0.527936894382
1.25 0.629000887882
1.255 0.738111419242
1.26 0.851810619186
1.265 0.964246240662
1.27 1.067501245559
1.275 1.152981539104
1.28 1.214485925776
1.285 1.249847664615
1.29 -1.261164021233
1.295 -1.253450092326
1.30 1.232494930920
1.31 1.170233341501
1.32 -1.101063424869
1.33 1.036170943712
1.34 0.978866465486
1.35 0.929280814423
1.36 0.886451236206
1.37 0.849138426850
1.38 0.816613539330
1.39 0.788030680685
1.40 0.762511558370
1.41 -0.739593442032
1.42 0.718834105710
1.43 0.000000144460
1.44 0.000000172914
1.45 -0.000000238205
1.46 0.000000718270
1.47 0.000000221915
1.48 0.000000388590
1.49 -0.000000262761
1.50 -0.000000393956
1.51 -0.000000535365
1.52 0.000000614525
1.53 0.000000034652
1.54 -0.000000888650
1.55 -0.000000874405
1.56 -0.000000875351
1.57 -0.000000888779
1.58 -0.000000906623
1.59 0.000000933501
1.60 0.000000962593
1.61 -0.000000990583
1.62 -0.000001018268
1.63 0.000001039059
1.64 -0.000001055109
1.65 0.000001067053
1.66 -0.000001078226
1.67 -0.000001080692
1.68 -0.000001081317
1.69 0.000003647495
1.70 -0.000003584603
1.71 -0.000003517530
1.72 -0.000003447289
1.73 -0.000003376102
1.74 -0.000002975710
1.75 0.000002843966
1.76 -0.000002685962
1.77 -0.000002539810
1.80 -0.000002054490
1.81 0.000001906532
1.82 -0.000001746771
1.83 0.000001605519
1.84 0.000001453124
1.85 -0.000002503674
1.86 0.000002271996
1.87 -0.000002059788
1.88 0.000001700902
1.89 0.000001504807
1.90 0.000001322324
1.91 -0.000001161425
1.92 0.000001017381
1.93 -0.000000890651
1.94 -0.000000775066
1.95 -0.000000680611
1.957 0.000000626680
1.96 0.000000605952
1.97 0.000000550216
1.98 0.000000515220
1.99 -0.000000500871
2.00 -0.000000638353
2.01 -0.000000657633
2.02 -0.000000732414
2.03 -0.000000780783
2.04 0.000000833388
2.05 -0.000000895755
2.06 0.000000967609
2.07 0.000000655892
2.08 0.000000739792
2.09 -0.000000830905
2.10 0.000000925451
2.11 -0.000001012900
2.112 -0.000001032336
2.12 -0.000001111221
2.13 -0.000001207021
2.14 -0.000002648548
2.15 0.000002714158
2.16 -0.000002792532
2.17 0.000002865380
2.18 -0.000002931993
2.19 0.000003014513
2.20 0.000003102691
2.21 0.000003189967
2.22 -0.000003281543
2.23 -0.000003375969
2.24 0.000003474937
2.25 0.000003577061
2.26 0.000003682033
2.27 0.000003787814
2.28 0.000003901475
2.29 -0.000004007950
2.30 0.000004110159
2.32 -0.000004285246
2.34 0.000004449559
2.36 0.000003202541
2.38 0.000003373349
2.4 0.000004620264
2.42 -0.000004545297
2.44 0.000004412782
2.46 0.000004238194
2.48 0.000004030514
2.5 0.000003799285
2.52 0.000003558948
2.54 0.000003316818
2.56 -0.000003486443
2.58 -0.000003312231
2.6 0.000003148311
2.62 0.000002996363
2.64 0.000002851523
2.66 0.000002739989
2.68 0.000002591469
2.7 0.000002492039
2.72 0.000002477344
2.74 0.000002443433
2.76 0.000002420484
2.78 0.000002413924
2.8 0.000002403720
2.82 0.000002446880
2.84 0.000002550248
2.86 0.000002720172
2.88 0.000002957212
2.90 0.000003267148
2.92 0.000003648675
2.94 0.000004084267
2.96 0.000004613287
2.98 0.000005116715
3.00 0.000005605370
3.02 0.000006056418
3.04 0.000006461620
3.06 0.000006798074
3.08 0.000007055886
3.10 0.000007251182
3.12 0.000007393454
3.14 0.000007486364
3.16 0.000007508954
3.18 0.000008372332
3.20 0.000008209626
3.22 0.000008051520
3.24 0.000007899971
3.26 0.000007769505
3.28 0.000007668811
3.30 0.000007600809
3.35 0.000007571752
3.4 0.000007682600
3.45 0.000010673053
3.5 0.000009961330
