0.090056348111
0.097018120459
0.104030278696
0.111295556996
0.118706998319
0.126284124187
0.134055443661
0.142048940068
0.150297416370
0.158827778091
0.167673810250
0.176869466122
0.185842162972
0.195803578068
0.206225977846
0.217155946978
0.228643669237
0.240742846986
0.253449309784
-0.000001618278
-0.000003280858
-0.000003101635
-0.000002963934
-0.000002861410
-0.000002891489
-0.000002920603
-0.000002974083
-0.000003021471
-0.000003080542
-0.000003760446
-0.000000280076
-0.000000449005
-0.000000210674
0.000000308443
0.000000384821
-0.000000384173
-0.000000268838
0.000000133996
0.000000147081
0.000000367171
0.000000892725
0.000002163483
0.000002406740
0.000001916131
0.000001961558
0.000000860431
0.000000672986
-0.000002711611
3.578434184386
3.606792668879
-3.632502847103
3.655755867376
3.676852003046
3.696836589538
-3.715287382393
-3.732332059414
-3.748064567606
3.762561009548
-3.775403071798
3.787348520198
3.798483657924
3.808576401389
3.817657418123
3.825750333230
-3.832876372123
-3.839053906909
3.844298703162
3.848624231730
-3.852041982664
3.854559472044
-3.856189761979
3.856937470531
3.856808295209
3.855807171285
-3.854077759190
3.851339971750
3.847741470010
3.843285120768
3.837973852570
3.831519657630
-3.824521547422
3.816678575337
3.807996539579
3.777001529175
-3.765060090412
3.752343788898
-3.738874246641
-3.724679894365
3.709701638537
-3.694167247158
3.678020080348
-3.661310466348
-3.644086673884
-3.626405436641
3.608330248242
-3.589919871880
3.571235038091
3.552334835974
3.533275322422
-3.519866701466
-3.514107948765
-3.494879425211
-3.475629406356
3.456391744515
3.437195904632
3.418058928931
3.398997958857
3.380024536498
-3.361144491270
3.342360721304
-3.323673337962
-3.305079376477
-3.286576879388
3.268160301418
-3.249824237436
3.231558350413
3.227914579314
3.213366181960
3.195237164484
3.095414505877
-3.080439713776
3.065353206071
-3.050159844438
3.034864139612
-3.019471031468
-3.003985082757
-2.988411217967
2.972754254938
2.957019106281
-2.941210647925
-2.925333807900
-2.909393472486
-2.893394648539
-2.877342056758
2.861240914055
-2.845096114682
2.812695492356
-2.780179116990
-2.747875054326
-2.715217407094
-2.682333839393
2.649751449983
-2.617248753267
-2.584860054709
-2.552614944186
-2.520536169390
-2.488638572550
-2.456926359549
2.400188276424
2.370123840250
-2.339978002858
-2.309703730200
-2.279244354975
-2.248534530062
-2.217500644119
-2.186068432428
-2.154159582255
-2.121701470657
-2.088631225565
-2.054901710236
-2.020486148660
-1.985386652405
-1.949630926995
-1.913278137919
-1.876415496254
1.839154702360
-1.801626538146
1.763972755772
-1.726338814924
1.688866347520
1.651687083716
-1.614917837361
1.578657606230
1.542985973014
-1.507963608434
1.473633332049
-1.440021872119
-1.407142118429
1.374995620114
-1.343348366548
-1.312671253135
1.282682661423
-1.253358977872
1.224673799793
-1.196599436040
1.169107293969
-1.102743631750
1.039445407116
-0.978596510745
0.920556148201
