1.12 0.247112022949
1.125 0.183835089652
1.13 0.115524460626
1.135 0.042165433734
1.14 -0.036635230621
1.145 -0.121231168113
1.15 -0.211894907398
1.155 -0.308762170733
1.16 -0.411762148923
1.65 -0.469760934185
1.17 -0.634353592542
1.175 -0.752056281556
1.18 -0.872030503949
1.185 -0.992257068651
1.19 -1.110434424237
1.195 -1.224175925756
1.20 -1.331498794291
1.205 -1.430060151888
1.21 -1.518560535457
1.215 -1.596236949446
1.22 -1.662703877741
1.225 -1.718429883602
1.23 -1.761937526082
1.235 -1.790625449164
1.24 -1.810682461477
1.245 -1.855048042879
1.25 -1.878146320649
1.255 -1.889738041764
1.26 -1.893302832518
1.265 -1.889545373552
1.27 -1.879879820493
1.275 -1.865006176039
1.28 -1.845482765917
1.285 -1.821804915474
1.29 -1.794434884597
1.295 -1.763823623239
1.30 -1.730422274733
1.31 -1.657049631985
1.32 -1.577851291073
1.33 -1.496093705491
1.34 -1.414543924289
1.35 -1.335247990899
1.36 -1.259847096711
1.37 -1.189157725246
1.38 -1.123610447538
1.39 -1.063059785535
1.40 -1.007868077538
1.41 -0.957513582547
1.42 -0.911650424766
1.43 -0.869907624246
1.44 -0.831908954588
1.45 -0.797292871676
1.46 -0.765721316886
1.47 -0.736884334484
1.48 -0.710500664713
1.49 -0.686317157359
1.50 -0.664106953907
1.51 -0.643667788663
1.52 -0.624819596364
1.53 -0.607402010456
1.54 -0.591268956606
1.55 -0.576295077740
1.56 -0.562366808256
1.57 -0.549381317461
1.58 -0.536761362362
1.59 -0.525419138855
1.60 -0.514768795589
1.61 -0.504743472164
1.62 -0.495282637346
1.63 -0.486331299632
1.64 -0.477839359801
1.65 -0.469760933648
1.66 -0.462053779348
1.67 -0.454678675144
1.68 -0.447598854683
1.69 -0.440779305481
1.70 -0.434186002244
1.71 -0.427784904054
1.72 -0.421540580646
1.73 -0.415414561328
1.74 -0.409362910428
1.75 -0.403330009886
1.76 -0.397244817771
1.77 -0.391007645228
1.80 -0.369862901340
1.81 -0.360492012620
1.82 -0.349017109571
1.83 -0.335146518624
1.84 -0.319417160180
1.85 -0.302652793188
1.86 -0.285420845821
1.87 -0.268047214141
1.88 -0.250731991519
1.89 -0.233611225394
1.90 -0.216787565549
1.91 -0.200342834886
1.92 -0.184345533449
1.93 -0.168855024411
1.94 -0.153921907393
1.95 -0.139597396900
1.957 -0.129954267709
1.96 -0.125922301597
1.97 -0.112935248905
1.98 -0.100670929837
1.99 -0.089160106949
2.00 -0.078429419913
2.01 -0.068501272706
2.02 -0.059393600322
2.03 -0.051119599144
2.04 -0.043687497069
2.05 -0.037100347058
2.06 -0.031355792728
2.07 -0.026444871000
2.08 -0.022356677631
2.09 -0.019070965185
2.10 -0.016563328756
2.11 -0.014804578522
2.112 -0.014539506498
2.12 -0.013758506135
2.13 -0.013385507895
2.14 -0.013641232392
2.15 -0.014477106992
2.16 -0.015840678975
2.17 -0.017677728852
2.18 -0.019930809881
2.19 -0.022541338285
2.20 -0.025450196840
2.21 -0.028601580642
2.22 -0.031928699352
2.23 -0.035380537181
2.24 -0.038902919458
2.25 -0.042444481269
2.26 -0.045953575370
2.27 -0.049392886501
2.28 -0.052718286824
2.29 -0.055893027067
2.30 -0.058884108773
2.32 -0.064201486459
2.34 -0.068475048625
2.36 -0.071553961814
2.38 -0.073320517931
2.4 -0.073680147173
2.42 -0.072552370808
2.44 -0.069877538799
2.46 -0.065608121097
2.48 -0.063238286389
2.5 -0.055363619161
2.52 -0.046216911735
2.54 -0.036075542943
2.56 -0.025052627033
2.58 -0.013292841502
2.6 -0.000973086529
2.62 0.011712100173
2.64 0.024555512249
2.66 0.037324567953
2.68 0.049772820038
2.7 0.061637311652
2.72 0.072661090501
2.74 0.082602693522
2.76 0.091258190441
2.78 0.098472842634
2.8 0.104148371489
2.82 0.108248735649
2.84 0.110793495911
2.86 0.111854127509
2.88 0.111545814049
2.90 0.110016482668
2.92 0.107436102292
2.94 0.103986393752
2.96 0.099851488164
2.98 0.095209566892
3.00 0.090227099293
3.02 0.085230452458
3.04 0.079972750514
3.06 0.074466829695
3.08 0.069428418800
3.10 0.064587120050
3.12 0.059990108778
3.14 0.055668609846
3.16 0.051641606355
3.18 0.047915415104
3.20 0.044489174225
3.22 0.041395804332
3.24 0.038530564744
3.26 0.035933125823
3.28 0.033586173158
3.30 0.031471358530
3.35 0.027051137903
3.4 0.023734667609
3.45 0.021233763157
3.5 0.019354406352
