1.12 -0.466578073688
1.125 -0.418662855021
1.13 -0.387110037374
1.135 -0.362870960834
1.14 -0.342311474382
1.145 -0.323694552175
1.15 -0.305677400894
1.155 -0.287569125869
1.16 -0.269315134306
1.65 0.000009905166
1.17 -0.230657646649
1.175 -0.209912526643
1.18 -0.187643926056
1.185 -0.163556484516
1.19 -0.137377934022
1.195 -0.108562981755
1.20 -0.076894622938
1.205 -0.041921442270
1.21 -0.002864551222
1.215 0.040969940118
1.22 0.090622257921
1.225 0.147075699195
1.23 -0.000026121135
1.235 0.000028399859
1.24 0.000023089164
1.245 -0.000019951572
1.25 -0.000015679474
1.255 0.000011507671
1.26 -0.000009562906
1.265 0.000006370934
1.27 0.000003990895
1.275 -0.000002279428
1.28 -0.000001064431
1.285 -0.000000211115
1.29 -0.000000381709
1.295 0.000000784599
1.30 0.000001033587
1.31 0.000001284486
1.32 0.000001280829
1.33 -0.000001787957
1.34 0.000001247117
1.35 0.000000843817
1.36 -0.000000529623
1.37 0.000000273388
1.38 0.000001018576
1.39 0.000001247020
1.40 0.000001457986
1.41 -0.000001655419
1.42 -0.000001845467
1.43 -0.000002019931
1.44 -0.000002184798
1.45 -0.000002334465
1.46 -0.000002463549
1.47 0.000002582614
1.48 -0.000002685739
1.49 0.000002768579
1.50 0.000002850403
1.51 0.000002912662
1.52 0.000002929567
1.53 -0.000003108266
1.54 0.000003102550
1.55 0.000003117933
1.56 0.000003132966
1.57 -0.000003141565
1.58 0.000005912499
1.59 0.000005788987
1.60 -0.000005660168
1.61 0.000005527339
1.62 -0.000005389541
1.63 -0.000005245911
1.64 -0.000005087081
1.65 -0.000009905165
1.66 0.000009650591
1.67 -0.000009376545
1.68 -0.000009082791
1.69 -0.000008768217
1.70 -0.000008431041
1.71 -0.000008068546
1.72 -0.000007691331
1.73 -0.000007281271
1.74 0.000006818671
1.75 0.000006313070
1.76 -0.000005753061
1.77 0.000005125292
1.80 -0.000002628111
1.81 -0.000001524478
1.82 -0.000000342533
1.83 -0.000000767041
1.84 -0.000001469759
1.85 -0.000001837170
1.86 0.000001889509
1.87 0.000001729026
1.88 -0.000001410626
1.89 0.000000993384
1.90 -0.000000494925
1.91 0.000000070524
1.92 -0.000000689393
1.93 0.000001342344
1.94 0.000002000729
1.95 0.000002637163
1.957 0.000003067493
1.96 -0.000003250298
1.97 0.000003866962
1.98 -0.000004503443
1.99 -0.000005122253
2.00 0.000005681860
2.01 0.000006203486
2.02 -0.000006660948
2.03 -0.000007105290
2.04 0.000005121861
2.05 -0.000005165250
2.06 -0.000005240492
2.07 0.000005252222
2.08 0.000005289959
2.09 0.000005279925
2.10 -0.000005377352
2.11 0.000005315857
2.112 -0.000005300427
2.12 -0.000005228714
2.13 -0.000005118287
2.14 -0.000007262749
2.15 0.000007386252
2.16 -0.000007482497
2.17 0.000007194114
2.18 0.000007197929
2.19 -0.000007178847
2.20 0.000007137837
2.21 -0.000007074766
2.22 -0.000006934369
2.23 -0.000006827169
2.24 0.000006703685
2.25 0.000006565938
2.26 0.000006413518
2.27 0.000006248397
2.28 0.000006071572
2.29 0.000005894269
2.30 0.000005707395
2.32 0.000005300086
2.34 -0.000004892696
2.36 0.000004492231
2.38 0.000004080519
2.4 0.000003675949
2.42 0.000003279877
2.44 0.000002890320
2.46 0.000002573466
2.48 -0.000002630298
2.5 0.000002453452
2.52 0.000002305692
2.54 0.000002180634
2.56 -0.000002227666
2.58 -0.000001956284
2.6 0.000001881322
2.62 0.000001976142
2.64 0.000001904369
2.66 0.000001823419
2.68 -0.000001751949
2.7 0.000001830100
2.72 -0.000001761597
2.74 0.000001592828
2.76 -0.000001605307
2.78 -0.000001634534
2.8 -0.000001681965
2.82 -0.000001701130
2.84 -0.000001693866
2.86 0.000001666818
2.88 0.000001577582
2.90 0.000001608280
2.92 0.000001442422
2.94 -0.000001258586
2.96 -0.000002586626
2.98 -0.000004086182
3.00 -0.000003979838
3.02 0.000003939581
3.04 0.000003986404
3.06 -0.000004133005
3.08 -0.000004386533
3.10 -0.000004742265
3.12 -0.000005191010
3.14 -0.000005694343
3.16 -0.000006245776
3.18 -0.000006832070
3.20 -0.000007399776
3.22 0.000007971108
3.24 0.000008510069
3.26 0.000008988118
3.28 0.000009396973
3.30 0.000009720738
3.35 0.000010234946
3.4 0.000010332177
3.45 0.000010069754
3.5 -0.000009524063
