1.12 0.165695515673
1.125 0.106928209568
1.13 0.044461650160
1.135 -0.021961809684
1.14 -0.092585193043
1.145 -0.167619796519
1.15 -0.247222016260
1.155 -0.331464073947
1.16 -0.420299236422
1.165 -0.513520959035
1.17 -0.610722319957
1.175 -0.711262345978
1.18 -0.814241100086
1.185 -0.918503375980
1.19 -1.022670193566
1.195 -1.125206116846
1.20 -1.224514855449
1.205 -1.319052368104
1.21 -1.407800690606
1.215 -1.488847858655
1.22 -1.561733201844
1.225 -1.625847333161
1.23 -1.681304234620
1.235 -1.726326317103
1.24 -1.759956369695
1.245 -1.716039184315
1.25 -1.772533446638
1.255 -1.806140250338
1.26 -1.825004003705
1.265 -1.832657536543
1.27 -1.831538806825
1.275 -1.823322319842
1.28 -1.809176393657
1.285 -1.789984781971
1.29 -1.766463268041
1.295 -1.739236020983
1.30 -1.708869180819
1.31 -1.640803253634
1.32 1.566046330774
1.33 1.488175723103
1.34 1.409908282555
1.35 1.333388242451
1.36 1.260117993040
1.37 1.191037902153
1.38 1.126639994566
1.39 1.066847613306
1.40 1.012092696223
1.41 0.961911096500
1.42 0.916011621582
1.43 0.874067590452
1.44 0.835741446600
1.45 0.800701739791
1.46 0.768634322859
1.47 0.739248271999
1.48 0.712277499248
1.49 0.687475835602
1.50 0.664629669823
1.51 0.643542505170
1.52 0.624038844936
1.53 0.605961805366
1.54 0.589170818571
1.55 0.573537850326
1.56 0.558953561824
1.57 0.545317156547
1.58 0.532538127041
1.59 0.520098918354
1.60 0.508822356695
1.61 0.498179835318
1.62 0.488111591119
1.63 0.478563082569
1.64 0.469484544886
1.65 0.460830435137
1.66 0.452558104820
1.67 0.444628376130
1.68 0.437004848776
1.69 0.429651659469
1.70 0.422534983961
1.71 0.415622534835
1.72 0.408882003686
1.73 0.402280544000
1.74 0.395784414898
1.75 0.389357584949
1.76 0.382960442295
1.77 0.376547165768
1.80 0.356840141504
1.81 0.349667542725
1.82 0.341998486467
1.83 0.333599342927
1.84 0.324118844057
1.85 0.313013989616
1.86 0.299445025422
1.87 0.282240643411
1.88 0.260456351576
1.89 0.235178978258
1.90 0.209702218488
1.91 0.186201988093
1.92 0.164967629007
1.93 0.145666586138
1.94 0.127951619096
1.95 0.111572989032
1.957 0.100812571796
1.96 0.096366634277
1.97 0.082228095977
1.98 0.069091631914
1.99 0.056914299660
2.00 0.045673256281
2.01 0.035349361657
2.02 0.025929594953
2.03 0.017402521237
2.04 0.009756299489
2.05 0.002977355211
2.06 -0.002950536381
2.07 -0.008046800861
2.08 -0.012334413541
2.09 -0.015841015399
2.10 -0.018595182126
2.11 -0.020631857695
2.112 -0.020956331663
2.12 -0.021988552679
2.13 -0.022705969430
2.14 -0.022827580661
2.15 -0.022400008332
2.16 -0.021457290380
2.17 -0.020079144318
2.18 -0.018301533262
2.19 -0.016176476931
2.20 -0.013756719093
2.21 -0.011092236924
2.22 -0.008234156201
2.23 -0.005231276413
2.24 -0.002129991281
2.25 0.001025709607
2.26 0.004194858838
2.27 0.007339706349
2.28 0.010425849978
2.29 0.013422116790
2.30 0.016301160837
2.32 0.021612152002
2.34 0.026198247709
2.36 0.029937889747
2.38 0.032739712493
2.4 0.034537996091
2.42 0.035280247735
2.44 0.034926480054
2.46 0.033447389995
2.48 0.030824419751
2.5 0.027053745427
2.52 0.022151972978
2.54 0.016166889652
2.56 0.009340358401
2.58 0.001493025924
2.6 -0.007063834806
2.62 -0.016159784882
2.64 -0.025623235640
2.66 -0.035273515309
2.68 -0.044906149465
2.7 -0.054297604453
2.72 -0.063218692831
2.74 -0.071450728619
2.76 -0.078949128552
2.78 -0.085267155715
2.8 -0.090423565143
2.82 -0.094345904864
2.84 -0.097011183571
2.86 -0.098441767646
2.88 -0.098455934029
2.90 -0.097641297262
2.92 -0.095886299646
2.94 -0.093334525446
2.96 -0.090138362601
2.98 -0.086450980498
3.00 -0.082418544867
3.02 -0.078176646629
3.04 -0.073843942417
3.06 -0.069521480279
3.08 -0.065127126728
3.10 -0.061075458276
3.12 -0.057226914836
3.14 -0.053613221305
3.16 -0.050253534894
3.18 -0.047156136948
3.20 -0.044322211018
3.22 -0.041745390868
3.24 -0.039416928270
3.26 -0.037348367129
3.28 -0.035469202672
3.30 -0.033752890071
3.35 -0.030421795793
3.4 -0.028053441962
3.45 -0.026435861896
3.5 -0.025385929515
