1.12 -1.697172717200
1.125 -1.742521333406
1.13 -1.779970582692
1.135 -1.810808494262
1.14 -1.836129133044
1.145 -1.856841723061
1.15 -1.873693307430
1.155 -1.887294885280
1.16 -1.898383027887
1.165 -1.906882996045
1.17 -1.913380871608
1.175 -1.918156700021
1.18 -1.921444104256
1.185 -1.923439358540
1.19 -1.924308405040
1.195 -1.924192411385
1.20 -1.923212100083
1.205 -1.921471007294
1.21 -1.919057847742
1.215 -1.916047897650
1.22 -1.912502723762
1.225 -1.908466981856
1.23 -1.903955915065
1.235 -1.898905524051
1.24 -1.892833778979
1.245 -1.862111103802
1.25 -1.863656499282
1.255 -1.863359774122
1.26 -1.861752592165
1.265 -1.859158855467
1.27 -1.855842314703
1.275 -1.851988821137
1.28 -1.847724109896
1.285 -1.843135429556
1.29 -1.838285730898
1.295 -1.833222572555
1.30 -1.827982475246
1.31 -1.817082751680
1.32 -1.805760011193
1.33 -1.794127982721
1.34 -1.782262150449
1.35 -1.770519389728
1.36 -1.758292884520
1.37 -1.745909694370
1.38 -1.733357387627
1.39 -1.720607103554
1.40 -1.707612752240
1.41 -1.694308582420
1.42 -1.680604297561
1.43 -1.666376822726
1.44 -1.651456353650
1.45 -1.635603212092
1.46 -1.618468429639
1.47 -1.599525720487
1.48 -1.577951288273
1.49 -1.552411551017
1.50 -1.520685695158
1.51 -1.479074585918
1.52 -1.421702513937
1.53 -1.340703602055
1.54 -1.229966334454
1.55 -1.093434872609
1.56 -0.948343287089
1.57 -0.814329938129
1.58 -0.701917197060
1.59 -0.612350211961
1.60 -0.542539593436
1.61 -0.488537335602
1.62 -0.446898476776
1.63 -0.414972320266
1.64 -0.390831889491
1.65 -0.373130407678
1.66 -0.360977043010
1.67 -0.353821959165
1.68 -0.351534793662
1.69 -0.354225773568
1.70 -0.362412481092
1.71 -0.377094146732
1.72 -0.399964766784
1.73 -0.433470786975
1.74 -0.481037149990
1.75 -0.545749220412
1.76 -0.625631298572
1.77 -0.705612451391
1.80 -0.786257224904
1.81 -0.772611440020
1.82 -0.752172920606
1.83 -0.728368833771
1.84 -0.703102928672
1.85 -0.677381687148
1.86 -0.651832739729
1.87 -0.626927377629
1.88 -0.603003523808
1.89 -0.579985667619
1.90 -0.557298618223
1.91 -0.534399214033
1.92 -0.511363770100
1.93 -0.488146490324
1.94 -0.464814889635
1.95 -0.441425925146
1.957 -0.425043199999
1.96 -0.418022886038
1.97 -0.394638451216
1.98 -0.371294490650
1.99 -0.348009008454
2.00 -0.324794749826
2.01 -0.301660977453
2.02 -0.278615385687
2.03 -0.255663500840
2.04 -0.232851255715
2.05 -0.210115743864
2.06 -0.187485279080
2.07 -0.164962218247
2.08 -0.142549312703
2.09 -0.120248771961
2.10 -0.098061882422
2.11 -0.075991229759
2.112 -0.071591143908
2.12 -0.054038261813
2.13 -0.032204625838
2.14 -0.010491590450
2.15 0.011099359924
2.16 0.032566558488
2.17 0.053905329502
2.18 0.075118180847
2.19 0.096198816486
2.20 0.117142251525
2.21 0.137940389412
2.22 0.158582067094
2.23 0.179051589555
2.24 0.199328078715
2.25 0.219381663094
2.26 0.239155212780
2.27 0.258642546167
2.28 0.277760297153
2.29 0.296427042675
2.30 0.314543908634
2.32 0.348570123572
2.34 0.378312701691
2.36 0.401298857170
2.38 0.413452185225
2.4 0.409343877334
2.42 0.382856658765
2.44 0.334679300037
2.46 0.274103868563
2.48 0.215108859429
2.5 0.166014523635
2.52 0.128192331461
2.54 0.100523584453
2.56 0.079699993504
2.58 0.064750473028
2.6 0.054673723802
2.62 0.048952563466
2.64 0.047312884895
2.66 0.049505677796
2.68 0.055233950074
2.7 0.064185587975
2.72 0.076066215426
2.74 0.090590148866
2.76 0.107443260337
2.78 0.126234630262
2.8 0.146451870577
2.82 0.167426292166
2.84 0.188322821116
2.86 0.208157108467
2.88 0.225854884751
2.90 0.240334917225
2.92 0.250628352179
2.94 0.255997702614
2.96 0.256040818129
2.98 0.250748644836
3.00 0.240507879139
3.02 0.226041742088
3.04 0.208351007238
3.06 0.188416897740
3.08 0.167305576499
3.10 0.145945565862
3.12 0.125096524332
3.14 0.105326802830
3.16 -0.087016801701
3.18 -0.070385705924
3.20 -0.055313466040
3.22 -0.042214958648
3.24 -0.030785186483
3.26 -0.020897676883
3.28 -0.012403626021
3.30 -0.005146642730
3.35 0.008632078385
3.4 0.017632909450
3.45 0.023511751742
3.5 0.027342104665
