1.12 -1.450785891817
1.125 -1.469562134714
1.13 -1.477490122819
1.135 -1.452039121956
1.14 -1.247354130143
1.145 -0.782890424149
1.15 0.510205863466
1.155 0.383061619099
1.16 -0.313085558182
1.165 -0.269003907651
1.17 -0.238616063914
1.175 0.215886070254
1.18 -0.198896864373
1.185 0.185491244499
1.19 -0.174670898667
1.195 -0.165790327557
1.20 0.158070449110
1.205 -0.247237306192
1.21 -0.227130356545
1.215 0.211242754171
1.22 -0.198492647737
1.225 -0.188162918478
1.23 0.179563467045
1.235 0.172818181602
1.24 0.167510730687
1.245 0.163497010235
1.25 -0.160453335520
1.255 -0.157879074925
1.26 0.155635796788
1.265 -0.153784037965
1.27 0.152333743512
1.275 -0.151079132109
1.28 0.150373293892
1.285 -0.149988233662
1.29 -0.149911863609
1.295 -0.150128197275
1.30 0.150625087846
1.31 0.152429129589
1.32 0.155291628040
1.33 -0.159225356782
1.34 -0.164287056271
1.35 -0.170580798674
1.36 0.178267399888
1.37 -0.187576786073
1.38 -0.198834011841
1.39 0.212498393254
1.40 -0.229226121224
1.41 0.249976159677
1.42 0.276195789698
1.43 0.310163928157
1.44 -0.355672764788
1.45 -0.419507635239
1.46 0.515059538369
1.47 -0.672633283856
1.48 0.976479620909
1.49 -1.734416977696
1.50 -2.991668740234
1.51 -1.504685124185
1.52 -0.850354963476
1.53 0.577037481186
1.54 0.431157839048
1.55 -0.000000949075
1.56 0.000000939142
1.57 0.000000927205
1.58 -0.000000917576
1.59 -0.000000909983
1.60 -0.000000903257
1.61 0.000000893261
1.62 -0.000000885865
1.63 0.000000880406
1.64 -0.000000872935
1.65 -0.000000866680
1.66 0.000000859861
1.67 0.000000849608
1.68 -0.000000839013
1.69 -0.000000825853
1.70 0.000000806975
1.71 0.000000810168
1.72 -0.000000794092
1.73 -0.000000771519
1.74 -0.000000742894
1.75 0.000000706236
1.76 -0.000000659036
1.77 0.000000599190
1.80 -0.000000305062
1.81 -0.000000151460
1.82 0.000000048304
1.83 -0.000000296474
1.84 -0.000000601140
1.85 -0.000000922389
1.86 0.000001238060
1.87 0.000001523068
1.88 0.000001777394
1.89 0.000001994352
1.90 0.000002187055
1.91 0.000002358857
1.92 0.000002485876
1.93 -0.000002627043
1.94 0.000002760570
1.95 0.000002886922
1.957 -0.000002973089
1.96 -0.000003009711
1.97 0.000003127730
1.98 0.000003215603
1.99 0.000001636005
2.00 0.000000830366
2.01 -0.000000890351
2.02 0.000000956192
2.03 -0.000001027826
2.04 -0.000001102022
2.05 -0.000001064811
2.06 -0.000001122667
2.07 -0.000002351566
2.08 -0.000002484256
2.09 0.000002627015
2.10 0.000002770318
2.11 0.000003574245
2.112 0.000003583000
2.12 -0.000003619416
2.13 -0.000003672636
2.14 -0.000003726456
2.15 0.000003795538
2.16 0.000003871451
2.17 -0.000003953695
2.18 0.000004040870
2.19 -0.000004138401
2.20 -0.000004242171
2.21 0.000004350334
2.22 0.000004461109
2.23 0.000004575868
2.24 -0.000004693953
2.25 0.000004843926
2.26 0.000004960666
2.27 -0.000005073494
2.28 0.000005174588
2.29 -0.000005269756
2.30 0.000005351618
2.32 -0.000005460963
2.34 0.000005467407
2.36 0.000005314780
2.38 0.000004936325
2.4 0.000004263194
2.42 0.000003248446
2.44 -0.000002000739
2.46 -0.000001395356
2.48 -0.000005439819
2.5 -0.000008721847
2.52 -0.000006908814
2.54 0.000006892670
2.56 0.000007195583
2.58 0.000007800134
2.6 -0.000010197411
2.62 0.000011277234
2.64 0.000012520473
2.66 -0.000013712423
2.68 0.000014801679
2.7 0.000015779810
2.72 0.000016560185
2.74 -0.000017251018
2.76 0.000017777318
2.78 0.000018201346
2.8 0.000018531529
2.82 -0.000018788017
2.84 -0.000018877803
2.86 0.000018808130
2.88 0.000018651642
2.90 0.000018338120
2.92 -0.000017851372
2.94 0.000017250862
2.96 -0.000005532550
2.98 -0.000005790961
3.00 0.000006085771
3.02 -0.000006325700
3.04 0.000005223074
3.06 0.000005421119
3.08 -0.000005593199
3.10 0.000005731484
3.12 0.000005842630
3.14 0.000005913422
3.16 -0.000005871117
3.18 0.000002116018
3.20 -0.000002549834
3.22 0.000002963553
3.24 0.000003387135
3.26 0.000003740842
3.28 0.000004057749
3.30 0.000004341954
3.35 -0.000004925553
3.4 -0.000005606682
3.45 -0.000002131134
3.5 -0.000001697177
