1.12 -1.634978927530
1.125 -1.687957901646
1.13 -1.732371732960
1.135 -1.769362509759
1.14 -1.800019402602
1.145 -1.825318671253
1.15 -1.846102787690
1.155 -1.863082495485
1.16 -1.877079721946
1.165 -1.888114416719
1.17 -1.896833460201
1.175 -1.903572889490
1.18 -1.908612265399
1.185 -1.912184894510
1.19 -1.914486694028
1.195 -1.915683002922
1.20 -1.915914032896
1.205 -1.915299103314
1.21 -1.913939851663
1.215 -1.911922688465
1.22 -1.909320154725
1.225 -1.906191626224
1.23 -1.902583081366
1.235 -1.898527779695
1.24 -1.894056613765
1.245 -1.889256125036
1.25 -1.884402447093
1.255 -1.879768113181
1.26 -1.875201534251
1.265 -1.870501773205
1.27 -1.865612283439
1.275 -1.860539906041
1.28 -1.855306779190
1.285 -1.849935952934
1.29 -1.844447955642
1.295 -1.838860709998
1.30 -1.833188910535
1.31 -1.821639891588
1.32 -1.809878673405
1.33 -1.797957667030
1.34 -1.785910016641
1.35 -1.773747995033
1.36 -1.761471826300
1.37 -1.749328209088
1.38 -1.736755402882
1.39 -1.723977814126
1.40 -1.710929144568
1.41 -1.697519151883
1.42 -1.683624929747
1.43 -1.669077773680
1.44 -1.653640062643
1.45 -1.636966687772
1.46 -1.618538828281
1.47 -1.597547201266
1.48 -1.572685710807
1.49 -1.541791525424
1.50 -1.501271699852
1.51 -1.445426628712
1.52 -1.366566728950
1.53 -1.258414273698
1.54 -1.123980848221
1.55 -0.979340687649
1.56 -0.843959328605
1.57 -0.729112583623
1.58 -0.636832987843
1.59 -0.564467896377
1.60 -0.508228737016
1.61 -0.464690965115
1.62 -0.431169906843
1.63 -0.405689242599
1.64 -0.386852320659
1.65 -0.373719887697
1.66 -0.365723671328
1.67 -0.362619979923
1.68 -0.364481260358
1.69 -0.371730125069
1.70 -0.385223465820
1.71 -0.406393745541
1.72 -0.437429883993
1.73 -0.481341904058
1.74 -0.541260638447
1.75 -0.617171641444
1.76 -0.698839714170
1.77 -0.764558440106
1.80 -0.797386382718
1.81 -0.779219719740
1.82 -0.756788784984
1.83 -0.732573906762
1.84 -0.707708865424
1.85 -0.682959922923
1.86 -0.658558330451
1.87 -0.634411554857
1.88 -0.610329464088
1.89 -0.586193786675
1.90 -0.561971018091
1.91 -0.537570517759
1.92 -0.513235034013
1.93 -0.488882193797
1.94 -0.464538944214
1.95 -0.440230480128
1.957 -0.423250954764
1.96 -0.415987593774
1.97 -0.391882224257
1.98 -0.368569757052
1.99 -0.372285284760
2.00 -0.386636571382
2.01 -0.360757157243
2.02 -0.335039869663
2.03 -0.309483706307
2.04 -0.284272131467
2.05 -0.259047825871
2.06 -0.233978719348
2.07 -0.175333409074
2.08 -0.151189330879
2.09 -0.127147652943
2.10 -0.103207885529
2.11 -0.079369990064
2.112 -0.074614763135
2.12 -0.055635199474
2.13 -0.032005192514
2.14 -0.008481546072
2.15 0.014932390440
2.16 0.038229984403
2.17 0.061411736038
2.18 0.084469205428
2.19 0.107395792523
2.20 0.130183836866
2.21 0.152824033377
2.22 0.175306272062
2.23 0.197617760972
2.24 0.219744881185
2.25 0.241671124291
2.26 0.263378810258
2.27 0.284845833636
2.28 0.306046192938
2.29 0.326950784676
2.30 0.347523053534
2.32 0.387499134710
2.34 0.425524416092
2.36 0.460933524254
2.38 0.492712130486
2.4 0.519154253557
2.42 0.537947891094
2.44 0.545478467572
2.46 0.536805665655
2.48 0.507651783934
2.5 0.457253482532
2.52 0.392888874689
2.54 0.327043452482
2.56 0.269452919374
2.58 0.223685442768
2.6 0.189346065893
2.62 0.164846431434
2.64 0.148702643040
2.66 0.139769897147
2.68 0.137805668719
2.7 0.140497861497
2.72 0.147757061545
2.74 0.158846365446
2.76 0.173081884974
2.78 0.189777009374
2.8 0.208183960938
2.82 0.226932612755
2.84 0.246072634388
2.86 0.264021114238
2.88 0.279640339689
2.90 0.291821781136
2.92 0.299594820738
2.94 0.302241696415
2.96 0.299392120265
2.98 0.291080440796
3.00 0.277743898563
3.02 0.260159732812
3.04 0.267031962154
3.06 0.235196324276
3.08 0.204527798193
3.10 0.175685538953
3.12 0.149202553382
3.14 0.125095629764
3.16 -0.103538893779
3.18 -0.084486999909
3.20 -0.067813421624
3.22 -0.053135984051
3.24 -0.040677093357
3.26 -0.029993218021
3.28 -0.020869230899
3.30 -0.013100584898
3.35 0.001508589750
3.4 0.011342309521
3.45 0.017791223388
3.5 0.022112541437
