-0.469997902629
-0.613641254490
0.862858838012
-1.346617661717
-2.055278713076
-1.692234936259
1.093515320405
0.779922323808
-0.606463653920
-0.499397510568
-0.427635792562
0.376810402798
-0.338899588819
0.309813413477
-0.286930514120
-0.268573944582
0.253805955571
0.000004635967
0.000004068159
-0.000003535880
0.000003058025
0.000002636046
-0.000000790264
-0.000000626844
-0.000000475649
-0.000000323888
0.000000169230
0.000000794730
-0.000000631380
0.000000510808
-0.000000422221
0.000000031781
0.000000059432
0.000000091759
-0.000000125957
0.000000713449
0.000000707174
-0.000000716818
-0.000000767273
-0.000000799416
0.000000876845
-0.000000915190
-0.000000932811
0.000000961173
-0.000000987053
0.000001011933
0.000001036912
0.000001061932
-0.000001088173
-0.000001116010
0.000001146812
-0.000001101546
0.000001136378
-0.000001221066
-0.000001523313
-0.000001227145
-0.000001049525
-0.000000994441
0.000000201833
0.000000553874
0.000000428666
0.000000403969
0.000000401616
0.000000406998
0.000000415912
0.000000441083
0.000000456923
0.000000474039
0.000000493894
0.000000511061
0.000000527944
0.000000540694
0.000000552302
0.000000562297
0.000000578283
0.000000550885
0.000000546342
0.000000535935
0.000000524989
0.000000508242
0.000000494610
0.000000472871
0.000000346011
0.000000307877
0.000000285784
0.000000304013
0.000000375209
0.000000480503
0.000000496245
0.000000375766
0.000000205147
0.000000040670
-0.000000120462
-0.000000273099
-0.000000918127
-0.000001114413
-0.000001290649
-0.000001458623
-0.000001572275
-0.000001620091
-0.000001781031
-0.000001967413
-0.000002291912
-0.000002711467
-0.000002841777
-0.000002964643
-0.000003103741
-0.000003272973
-0.000003213570
-0.000003657344
-0.000003599508
-0.000003716256
-0.000003824988
-0.000003895083
-0.000003521760
-0.000003527451
-0.000003550490
-0.000003574534
-0.000003598849
-0.000003605806
-0.000003606177
-0.000003602710
-0.000003593286
-0.000003565911
-0.000003524214
-0.000003478830
-0.000003414298
-0.000003344790
-0.000003254930
-0.000003164159
-0.000003058193
-0.000002939948
-0.000002817896
-0.000002679220
-0.000002538039
-0.000002234332
-0.000001927506
-0.000001665027
-0.000001530060
-0.000001575378
-0.000001652432
-0.000000377700
0.000007554357
0.000021311401
0.000009377866
-0.000009615027
-0.000011453310
-0.000009688086
-0.000007705786
0.000002579756
0.000002929252
0.000002922546
0.000002967026
0.000002891550
0.000002933292
0.000002704936
0.000002450933
0.000002157759
0.000001857342
0.000001549046
0.000001262209
0.000000996691
0.000000759342
0.000000555591
0.000000414531
0.000000321880
0.000000292168
0.000022553707
0.000020892814
0.000019293164
0.000017827315
0.000012120989
0.000011012088
0.000009947532
0.000008925040
0.000007946137
0.000007076825
0.000006003207
0.000001179067
0.000000390421
-0.000000264208
-0.000000760843
-0.000001195740
-0.000001544401
-0.000001803766
-0.000002217126
-0.000002422318
-0.000002639600
-0.000002574334
