1.705106498874
1.693511783219
1.681969425018
1.670486030184
1.659067250321
1.647717698463
1.636440818831
1.625238927310
1.614113302431
-0.000002705842
-0.000001043945
-0.000001108818
-0.000001215213
-0.000001324097
-0.000001485276
0.000001612324
0.000001761636
0.000002365476
0.000002459726
0.000002547972
0.000002813095
0.000002644990
0.000002588222
0.000003038804
0.000002870343
-0.000002698074
0.000002529170
-0.000002399284
0.000002226839
0.000003343243
0.000002926256
0.000002598583
0.000002238538
0.000001862881
0.000001498307
0.000000325049
-0.000000830631
0.000000765678
0.000000271357
0.000000090810
0.000000117146
-0.000000326419
-0.000000517287
-0.000000638608
0.000001066236
0.000000994398
-0.000000741417
0.000000477322
0.000000212835
-0.000000091739
-0.000001537191
0.000002887303
-0.000003027450
-0.000001774404
-0.000001817136
-0.000001836363
-0.000001832852
-0.000001794190
-0.000003542621
0.000003565834
0.000002379274
0.000002408085
-0.000002454933
0.000002498434
-0.000002545168
-0.000002591075
0.000002625697
-0.000002661346
0.000002688875
-0.000002708762
-0.000002714425
0.000002705847
-0.000000403350
0.000000373621
-0.000000339142
0.000000308180
-0.000000340225
0.000000179923
0.000000153205
0.000000102540
0.000000031883
0.000000044448
0.000000102511
-0.000000235035
0.000000027467
-0.000000188527
-0.000000385082
0.000000559032
-0.000000584162
0.000000530918
-0.000000575513
0.000000435897
-0.000000133979
-0.000000094620
-0.000000219838
0.000000134763
0.000000277280
0.000000431092
0.000000542856
-0.000000591508
0.000000749370
-0.000001220577
-0.000000963748
-0.000001189994
-0.000001430640
-0.000001637906
-0.000001802721
0.000002217757
0.000002604077
0.000003012811
0.000003586979
0.000004066311
-0.000006279176
0.000006715751
0.000007132891
0.000007215877
0.000007545655
-0.000007948271
-0.000008335850
-0.000008709733
0.000009052152
-0.000009368421
-0.000009652290
-0.000009900726
-0.000010111645
-0.000010279742
0.000010409901
-0.000010497568
0.000010545102
0.000010552492
-0.000010522780
0.000010461576
-0.000010367608
-0.000010236161
-0.000010092538
-0.000009729578
0.000009302227
0.000008842751
-0.000008368794
-0.000000698026
0.000001095383
-0.000001454440
0.000001773790
0.000002055169
-0.000002338247
0.000002618476
0.000002882861
0.000003160543
-0.000003403201
-0.000003650738
-0.000003897253
0.000004129024
-0.000004362913
-0.000004588578
-0.000004802933
0.000005004676
-0.000005190495
-0.000005362474
0.000005513193
-0.000005640546
0.000005731491
0.000005805489
-0.000005857498
0.000005883345
-0.000005882351
-0.000005872176
-0.000005846730
0.000005809764
-0.000005775473
0.000005712053
-0.000005634417
-0.000005538623
-0.000005412897
0.000005268676
-0.000005093259
0.000004885807
0.000004650460
0.000004386319
0.000004081426
0.000003879875
0.000003494839
0.000003091358
-0.000002681288
0.000002281397
-0.000001901703
-0.000001049519
-0.000000469362
0.000003247156
0.000002950717
