1.12 0.259577797658
1.125 0.204284264602
1.13 0.144997030094
1.135 0.081360756509
1.14 0.013481072853
1.145 -0.059915655820
1.15 -0.138704655781
1.155 -0.223144732335
1.16 -0.313385644056
1.65 -1.315505108397
1.17 -2.714391802244
1.175 -2.703604633628
1.18 -2.693129291556
1.185 -2.682483707240
1.19 -2.671670271515
1.195 -2.660692111766
1.20 -2.648807474716
1.205 -2.637599725515
1.21 -2.625664006462
1.215 -2.614202758451
1.22 -2.602582473665
1.225 -2.590407715159
1.23 -2.578542752200
1.235 -2.566532097168
1.24 -2.554384304769
1.245 -2.542107746228
1.25 -2.529710274063
1.255 -2.517199496283
1.26 -2.504581492962
1.265 -2.491822189820
1.27 -2.478973908280
1.275 -2.466042455202
1.28 -2.453033214401
1.285 -2.439951140483
1.29 -2.426807035168
1.295 -2.413598454096
1.30 -2.400328338583
1.31 -2.373616144822
1.32 -2.346692039891
1.33 -2.319572951846
1.34 -2.292274138439
1.35 -2.264818142352
1.36 -2.237268560335
1.37 -2.209974419575
1.38 -2.186394228680
1.39 -2.158581513845
1.40 -2.130197434204
1.41 -2.101474985711
1.42 -2.072439298317
1.43 -2.043088385626
1.44 -2.013414078978
1.45 -1.983404476048
1.46 -1.953045743203
1.47 -1.922340346389
1.48 -1.891282100199
1.49 -1.859867171339
1.50 -1.828094456877
1.51 -1.795964533664
1.52 -1.763481518347
1.53 -1.730651862148
1.54 -1.697484837576
1.55 -1.663992351957
1.56 -1.630188604948
1.57 -1.596090810981
1.58 -1.561718490963
1.59 -1.527093354890
1.60 -1.492237813774
1.61 -1.457182873562
1.62 -1.421954067248
1.63 -1.386577786108
1.64 -1.351084393544
1.65 -1.315505111672
1.66 -1.279872234002
1.67 -1.244219331472
1.68 -1.208578792542
1.69 -1.172986271305
1.70 -1.137474192154
1.71 -1.102078119276
1.72 -1.066833095755
1.73 -1.031774356372
1.74 -0.996937457954
1.75 -0.962358298559
1.76 -0.928073228823
1.77 -0.894119146644
1.80 -0.794622924539
1.81 -0.762377482482
1.82 -0.730660136051
1.83 -0.699513832739
1.84 -0.668981774356
1.85 0.639108485927
1.86 0.609938425426
1.87 0.581516553045
1.88 0.553887300239
1.89 0.527095633627
1.90 0.501180951724
1.91 0.476185355956
1.92 0.452148174292
1.93 0.429107127452
1.94 0.407100230909
1.95 0.386163042085
1.957 0.372163529766
1.96 0.366333016578
1.97 0.347648135440
1.98 0.330147879865
1.99 0.313873781738
2.00 0.298869822391
2.01 0.285183104592
2.02 0.272862713991
2.03 0.261963690939
2.04 0.252538334175
2.05 0.244647197257
2.06 0.238351933495
2.07 0.233716646937
2.08 0.230807930532
2.09 0.256208629057
2.10 0.257624344388
2.11 0.260835678320
2.112 0.261698822073
2.12 0.265906456110
2.13 0.272895488461
2.14 0.281863611485
2.15 0.292865858422
2.16 0.305952722587
2.17 0.321168536681
2.18 0.338545388051
2.19 0.358121389780
2.20 0.379910569975
2.21 0.403920156593
2.22 0.430145144315
2.23 0.458474671386
2.24 0.489054539466
2.25 0.521744218560
2.26 0.556485245364
2.27 0.593193637789
2.28 0.631772577654
2.29 0.672110007538
2.30 0.714079639706
2.32 0.802342030641
2.34 0.895331316274
2.36 0.991708546220
2.38 1.090121873045
2.4 -0.082341477167
2.42 -0.078155672490
2.44 -0.072887540726
2.46 -0.066531092228
2.48 -0.059084456185
2.5 -0.050551527021
2.52 -0.040952631332
2.54 -0.030331570620
2.56 -0.018762339590
2.58 -0.006470356275
2.6 0.006655444108
2.62 0.020320134524
2.64 0.034323918732
2.66 0.048422240072
2.68 0.062322023594
2.7 0.075694188746
2.72 0.088195910216
2.74 0.099498599617
2.76 0.109313022933
2.78 0.117413518695
2.8 0.123651938721
2.82 0.127965509140
2.84 0.130374772652
2.86 0.130975250454
2.88 0.129921277556
2.90 0.127412848660
2.92 0.123676662753
2.94 0.118951054289
2.96 0.113472742417
2.98 -0.107466390520
3.00 -0.101137948135
3.02 -0.094667127072
3.04 -0.088353153735
3.06 -0.082006095404
3.08 -0.075629199137
3.10 -0.069848481035
3.12 -0.064413716650
3.14 -0.059352566797
3.16 -0.054678223491
3.18 -0.050390516523
3.20 -0.046480434611
3.22 -0.042932519319
3.24 -0.039762594418
3.26 -0.036867213985
3.28 -0.034269540303
3.30 -0.031945088351
3.35 -0.027172977577
3.4 -0.023579768170
3.45 -0.020954627725
3.5 -0.019015299719
