0.000000770355
0.000000769532
-0.000000772065
0.000000776931
-0.000000783671
0.000000789588
-0.000000794816
0.000000800047
-0.000000805268
-0.000000790783
-0.000000214120
-0.000000354767
-0.000000433531
-0.000000526647
-0.000000560525
0.000000651879
0.000000715393
-0.000001204909
-0.000001218996
-0.000001209492
-0.195439518132
-0.258628709147
0.330419395430
-0.411922425867
-0.504187105230
-0.607632208989
-0.721440901148
0.842659957463
-0.965368653419
-1.080489346312
-1.177477087483
1.247555451097
-1.287001487363
-1.298011796044
1.286786225736
-1.260633782922
1.187195832750
1.109059313790
1.037957564783
-0.976542581728
-0.924220103077
-0.879526347697
-0.840658581259
0.802113666522
0.773143498320
-0.747959848106
0.725540736034
0.705347451730
-0.686988708426
-0.000000632637
0.000000387040
-0.000000149063
-0.000000905716
-0.000000744718
-0.000000601378
-0.000000479367
-0.000000322993
0.000000499713
-0.000000352597
0.000000754110
0.000000787785
-0.000000815577
0.000000841725
-0.000000852874
-0.000000866875
0.000000808327
-0.000000808955
0.000000806804
-0.000000802273
-0.000000796047
0.000000790792
-0.000003172507
0.000003122166
-0.000003044086
0.000002954618
-0.000002840837
0.000002733296
0.000002632512
0.000002536981
0.000002449831
-0.000002391846
-0.000002362538
0.000002372539
0.000002112641
-0.000002059845
-0.000001998414
0.000001845595
-0.000001740426
0.000001621533
0.000000083705
-0.000000311582
-0.000000203095
0.000000197148
0.000000254824
0.000000337674
-0.000000665939
-0.000000616431
-0.000000543329
-0.000000452004
-0.000000384406
0.000000354131
-0.000000247003
0.000000836226
0.000002299104
0.000002515335
0.000002675965
0.000003744189
0.000005592436
-0.000004104289
-0.000004112151
-0.000004306046
-0.000004440778
-0.000004635613
0.000004539132
-0.000004647739
-0.000004759203
-0.000004781677
-0.000004872053
0.000004985082
0.000005096912
0.000005212112
-0.000005311757
0.000005399805
0.000005486340
0.000005562389
0.000005613101
0.000005663299
-0.000005717585
0.000005745730
-0.000005758684
-0.000005764788
0.000005758106
-0.000005739630
0.000005726874
0.000005693350
0.000005656775
0.000005578188
-0.000005495971
-0.000005396459
0.000005272697
0.000005633436
-0.000005888858
0.000006072107
-0.000006179426
0.000006197636
-0.000006118582
0.000006020140
0.000005862806
0.000005651672
-0.000005454459
-0.000005156448
-0.000004809890
0.000004444740
-0.000004065036
-0.000003723340
-0.000003355483
0.000003015933
0.000002820574
0.000002637351
-0.000002563596
0.000002559200
-0.000002669430
-0.000002881298
0.000003164254
-0.000003469533
0.000003758942
0.000004024402
0.000004246974
-0.000004432162
0.000004608196
-0.000004711547
0.000004779843
0.000004818545
0.000004800905
-0.000004778453
0.000004732836
-0.000004693973
-0.000004619846
-0.000004512465
-0.000004412675
-0.000005287389
-0.000005080323
-0.000004885052
0.000004708185
-0.000004556919
0.000004436336
0.000004250459
0.000004181961
-0.000008893631
-0.000007336001
