1.12 0.000000713732
1.125 0.000000700492
1.13 -0.000000671585
1.135 0.000000642446
1.14 -0.000000612382
1.145 0.000000578968
1.15 -0.000000543401
1.155 0.000000506681
1.16 -0.000000466566
1.65 3.760608036496
1.17 0.187900763728
1.175 0.194894577270
1.18 0.202223186952
1.185 0.209906297887
1.19 0.217957203938
1.195 0.226400364876
1.20 0.235271196589
1.205 0.244068231311
1.21 0.253851945702
1.215 0.264178554919
1.22 0.274940457683
1.225 0.000005076860
1.23 0.000004825684
1.235 -0.000004811305
1.24 0.000004702111
1.245 -0.000004691129
1.25 0.000004693177
1.255 -0.000004697901
1.26 -0.000004739052
1.265 0.000005602029
1.27 0.000005654394
1.275 0.000005878599
1.28 -0.000006041902
1.285 0.000006143964
1.29 0.000006189468
1.295 0.000005193554
1.30 0.000001287076
1.31 0.000001297431
1.32 0.000000765528
1.33 0.000000741703
1.34 0.000000681882
1.35 -0.000000429691
1.36 -0.000000126179
1.37 0.000000578622
1.38 -0.000003426038
1.39 -0.000003843088
1.40 -0.000004083040
1.41 -0.000004567866
1.42 -0.000005160986
1.43 0.000006580827
1.44 3.559647968838
1.45 3.582064654955
1.46 3.602870873651
1.47 3.621429034490
1.48 3.639074926621
1.49 3.655292441870
1.50 3.670168757662
1.51 3.683772872273
1.52 3.695653877297
1.53 3.706905091697
1.54 3.716741498507
1.55 3.725783295936
1.56 3.733761853136
1.57 3.740699689236
1.58 3.746617057735
1.59 3.751532052781
1.60 3.755456782627
1.61 3.758404256108
1.62 3.760385801455
1.63 3.761406435347
1.64 3.761479517233
1.65 3.760608059793
1.66 3.758565406199
1.67 3.755834935526
1.68 3.752170544250
1.69 3.747575230243
1.70 3.742048932767
1.71 3.735600603076
1.72 3.728231001993
1.73 3.719944772307
1.74 3.710748069084
1.75 3.700649001729
1.76 3.689659731338
1.77 3.677794695630
1.80 3.637172669465
1.81 3.622065926176
1.82 3.606250884774
1.83 3.589786387813
1.84 3.572740348272
1.85 3.555190359618
1.86 3.537195480522
1.87 3.518906546934
1.88 3.500470824098
1.89 3.481803126503
1.90 3.463078729936
1.91 3.444374831938
1.92 3.425739243960
1.93 3.407255611005
1.94 3.388945033390
1.95 3.370830007371
1.957 3.358271485503
1.96 3.352920336989
1.97 3.335215065781
1.98 3.317707594438
1.99 3.300389420240
2.00 3.283225268002
2.01 3.266204027514
2.02 3.249302488137
2.03 3.232500305481
2.04 3.215745645552
2.05 3.199088504957
2.06 3.182475719550
2.07 3.165893330381
2.08 3.149329088528
2.09 3.053012363982
2.10 3.040053857976
2.11 3.026874627839
2.112 3.024213609771
2.12 3.013489803217
2.13 2.999914057829
2.14 2.986161908322
2.15 2.972247380781
2.16 2.958185987941
2.17 2.943992023264
2.18 2.929680082284
2.19 2.915264831220
2.20 2.900760910256
2.21 2.886182763482
2.22 2.871545313433
2.23 2.856861283175
2.24 2.842144746551
2.25 2.827408621541
2.26 2.812665083405
2.27 2.797925388247
2.28 2.783199887419
2.29 2.768497667821
2.30 2.753826809646
2.32 2.724604254820
2.34 2.695569072825
2.36 2.666737180398
2.38 2.638105507652
2.4 2.297900429748
2.42 2.276492279810
2.44 2.255185660748
2.46 2.233985692510
2.48 -2.212890318820
2.5 -2.191892372294
2.52 -2.170978379086
2.54 -2.150125330791
2.56 -2.129302389431
2.58 -2.108471569637
2.6 -2.087583869868
2.62 -2.066579896158
2.64 -2.045388934415
2.66 -2.023929217354
2.68 -2.002108891001
2.7 -1.979827019708
2.72 -1.956977746634
2.74 1.933455455312
2.76 1.909157427126
2.78 1.883994359464
2.8 1.857894495842
2.82 1.830812088433
2.84 1.802728957399
2.86 1.773666187167
2.88 1.743676241709
2.90 1.712846967880
2.92 1.681295169797
2.94 1.649162602648
2.96 1.616604895326
2.98 1.583785105182
3.00 1.550864749562
3.02 1.517997657097
3.04 1.485323071015
3.06 1.452962836973
3.08 1.421018565362
3.10 1.389571865049
3.12 1.358684457203
3.14 1.328399219611
3.16 1.298743231857
3.18 1.269730369904
3.20 1.241167530081
3.22 1.213457640530
3.24 1.186365701832
3.26 1.159870890540
3.28 1.133948591384
3.30 1.108571657484
3.35 1.047335106002
3.4 0.988922262215
3.45 0.932564627095
3.5 0.878904691388
