1.12 -0.466578073688
1.125 -0.418662855021
1.13 -0.387110037374
1.135 -0.362870960834
1.14 -0.342311474382
1.145 -0.323694552175
1.15 -0.305677400894
1.155 -0.287569125869
1.16 -0.269315134306
1.165 -0.250420947245
1.17 -0.230657646653
1.175 -0.209912526643
1.18 -0.187643926056
1.185 -0.163556484518
1.19 -0.137377934021
1.195 -0.108562981756
1.20 -0.076894622937
1.205 -0.041921442270
1.21 -0.002864551227
1.215 0.040969940115
1.22 0.090622257915
1.225 0.147075699201
1.23 0.000026121778
1.235 -0.000028399849
1.24 -0.000023089141
1.245 -0.000019951591
1.25 0.000015679566
1.255 0.000011507663
1.26 -0.000009562900
1.265 0.000006370934
1.27 -0.000003990889
1.275 -0.000002279446
1.28 -0.000001064449
1.285 0.000000211138
1.29 -0.000000381723
1.295 0.000000784586
1.30 0.000001033588
1.31 0.000001284496
1.32 0.000001280836
1.33 -0.000001787961
1.34 0.000001247101
1.35 0.000000843823
1.36 -0.000000529630
1.37 0.000000273396
1.38 -0.000001018318
1.39 0.000001247025
1.40 0.000001457984
1.41 -0.000001655417
1.42 0.000001845470
1.43 -0.000002019927
1.44 0.000002184813
1.45 -0.000002334467
1.46 -0.000002463561
1.47 0.000002582625
1.48 -0.000002685720
1.49 0.000002768586
1.50 0.000002850387
1.51 -0.000002912645
1.52 -0.000002929385
1.53 -0.000003108289
1.54 0.000003102635
1.55 -0.000003117966
1.56 -0.000003132968
1.57 0.000003141558
1.58 0.000005912511
1.59 0.000005788975
1.60 0.000005660169
1.61 0.000005527341
1.62 0.000005389529
1.63 0.000005245908
1.64 0.000005087084
1.65 0.000009905177
1.66 0.000009650588
1.67 -0.000009376548
1.68 -0.000009082786
1.69 -0.000008768214
1.70 0.000008431040
1.71 -0.000008068547
1.72 -0.000007691328
1.73 -0.000007281269
1.74 0.000006818666
1.75 -0.000006313074
1.76 -0.000005753060
1.77 0.000005125293
1.80 0.000002628115
1.81 -0.000001524475
1.82 -0.000000342534
1.83 0.000000767031
1.84 -0.000001469768
1.85 -0.000001837164
1.86 0.000001889506
1.87 0.000001729025
1.88 -0.000001410636
1.89 0.000000993383
1.90 -0.000000494925
1.91 0.000000070528
1.92 -0.000000689393
1.93 0.000001342344
1.94 0.000002000729
1.95 0.000002637165
1.957 0.000003067520
1.96 -0.000003250298
1.97 0.000003866964
1.98 -0.000004503449
1.99 -0.000005122249
2.00 0.000005681866
2.01 0.000006203493
2.02 -0.000006660947
2.03 -0.000007105293
2.04 -0.000005121864
2.05 -0.000005165251
2.06 -0.000005240510
2.07 0.000005252238
2.08 0.000005289959
2.09 0.000005279939
2.10 -0.000005377372
2.11 -0.000005315871
2.112 -0.000005300439
2.12 -0.000005228694
2.13 0.000005118222
2.14 -0.000007263844
2.15 -0.000007386317
2.16 -0.000007482473
2.17 -0.000007194124
2.18 0.000007197924
2.19 -0.000007178845
2.20 -0.000007137846
2.21 -0.000007074776
2.22 -0.000006934376
2.23 -0.000006827147
2.24 -0.000006703683
2.25 -0.000006565918
2.26 0.000006413519
2.27 0.000006248404
2.28 -0.000006071575
2.29 0.000005894272
2.30 0.000005707392
2.32 -0.000005300074
2.34 -0.000004892714
2.36 -0.000004492231
2.38 0.000004080580
2.4 0.000003675930
2.42 0.000003279980
2.44 0.000002890313
2.46 0.000002573456
2.48 -0.000002630299
2.5 0.000002453464
2.52 0.000002305208
2.54 0.000002180477
2.56 -0.000002227551
2.58 -0.000001955725
2.6 -0.000001883079
2.62 -0.000001982513
2.64 -0.000001909413
2.66 -0.000001823416
2.68 0.000001751956
2.7 0.000001830124
2.72 -0.000001761589
2.74 0.000001592846
2.76 -0.000001605313
2.78 -0.000001634534
2.8 -0.000001681992
2.82 -0.000001701138
2.84 -0.000001693873
2.86 0.000001666839
2.88 -0.000001577735
2.90 0.000001608388
2.92 0.000001442393
2.94 0.000001258496
2.96 -0.000002586635
2.98 -0.000004086198
3.00 0.000003979846
3.02 0.000003939575
3.04 0.000003986403
3.06 0.000004133002
3.08 -0.000004386537
3.10 -0.000004742267
3.12 0.000005191013
3.14 -0.000005694342
3.16 0.000006245772
3.18 -0.000006832069
3.20 -0.000007399777
3.22 0.000007971113
3.24 0.000008510069
3.26 -0.000008988112
3.28 0.000009396974
3.30 0.000009720711
3.35 0.000010234951
3.4 0.000010332174
3.45 0.000010069758
3.5 -0.000009524062
